24.0 146.818
24.100198092653812 146.818
24.20079234020864 146.818
24.30178268149391 146.818
24.403169054621696 146.818
24.50495139698141 146.818
24.607129645234547 146.818
24.70970373530935 146.818
24.812673602395506 146.818
24.916039180938824 146.818
25.019800404635898 146.818
25.12395720642876 146.818
25.228509518499514 146.818
25.333457272264994 146.818
25.438800398371367 146.818
25.54453882668876 146.818
25.650672486305872 146.818
25.75720130552455 146.818
25.864125211854404 146.818
25.97144413200737 146.818
26.079157991892295 146.818
26.187266716609493 146.818
26.295770230445303 146.818
26.40466845686664 146.818
26.513961318515545 146.818
26.623648737203695 146.818
26.73368043923745 146.818
26.844006039174673 146.818
26.95462523472643 146.818
27.06553772322925 146.818
27.176743201644506 146.818
27.288241366557745 146.818
27.400031914178093 146.818
27.51211454033762 146.818
27.624488940490735 146.818
27.737154809713587 146.818
27.85011184270348 146.818
27.963359733778304 146.818
28.07689817687596 146.818
28.190726865553817 146.818
28.30484549298817 146.818
28.41925375197372 146.818
28.53395133492305 146.818
28.64893793386613 146.818
28.764213240449834 146.818
28.87977694593746 146.818
28.99562874120828 146.818
29.111768316757075 146.818
29.22819536269373 146.818
29.344909568742782 146.818
29.46191062424304 146.818
29.579198218147177 146.818
29.69677203902135 146.818
29.814631775044756 146.818
29.932777114009184 146.818
30.0512077433187 146.818
30.16992334998934 146.818
30.288923620648802 146.818
30.40820824153616 146.818
30.52777689850157 146.818
30.64762927700602 146.818
30.767765062121025 146.818
30.888183938528407 146.818
31.008885590520016 146.818
31.1298697019975 146.818
31.25113595647206 146.818
31.37268403706421 146.818
31.49451362650357 146.818
31.616624407128615 146.818
31.739016060886474 146.818
31.861688269332706 146.818
31.984640713631094 146.818
32.107873074553424 146.818
32.23138503247928 146.818
32.355176267395855 146.818
32.47924645889771 146.818
32.60359528618662 146.818
32.72822242807132 146.818
32.853127562967266 146.818
32.97831036889636 146.818
33.10377052348678 146.818
33.22950770397278 146.818
33.35552158719452 146.818
33.48181184959786 146.818
33.608378167234214 146.818
33.73522021576031 146.818
33.862337670438016 146.818
33.989730206134176 146.818
34.11739749732037 146.818
34.245339218072736 146.818
34.37355504207179 146.818
34.50204464260221 146.818
34.63080769255261 146.818
34.75984386441538 146.818
34.88915283028646 146.818
35.01873426186515 146.818
35.14858783045386 146.818
35.27871320695798 146.818
35.409110061885606 146.818
35.539778065347356 146.818
35.67071688705617 146.818
35.80192619632711 146.818
35.933405662077114 146.818
36.06515495282478 146.818
36.1971737366901 146.818
36.329461681394264 146.818
36.46201845425949 146.818
36.59484372220882 146.818
36.727937151765936 146.818
36.86129840905498 146.818
36.99492715980037 146.818
37.12882306932661 146.818
37.26298580255811 146.818
37.39741502401905 146.818
37.53211039783311 146.818
37.6670715877234 146.818
37.80229825701222 146.818
37.93779006862092 146.818
38.07354668506973 146.818
38.2095677684776 146.818
38.345852980562036 146.818
38.482401982638955 146.818
38.619214435622524 146.818
38.75629000002501 146.818
38.89362833595665 146.818
39.0312291031255 146.818
39.1690919608373 146.818
39.30721656799536 146.818
39.445602583100346 146.818
39.58424966425014 146.818
39.72315746913971 146.818
39.86232565506103 146.818
40.00175387890298 146.818
40.14144179715125 146.818
40.28138906588826 146.818
40.42159534079306 146.818
40.56206027714127 146.818
40.702783529804975 146.818
40.84376475325269 146.818
40.985003601549266 146.818
41.12649972835582 146.818
41.2682527869297 146.818
41.41026243012442 146.818
41.55252831038959 146.818
41.695050079770894 146.818
41.837827389910025 146.818
41.98085989204466 146.818
42.12414723700844 146.818
42.26768907523088 146.818
42.411485056737405 146.818
42.5555348311493 146.818
42.69983804768369 146.818
42.844394355153526 146.818
42.98920340196751 146.818
43.13426483613003 146.818
43.27957830524118 146.818
43.42514345649677 146.818
43.57095993668834 146.818
43.71702739220319 146.818
43.863345469024416 146.818
44.0099138127309 146.818
44.156732068497384 146.818
44.30379988109446 146.818
44.45111689488864 146.818
44.59868275384237 146.818
44.74649710151406 146.818
44.894559581058154 146.818
45.04286983522514 146.818
45.19142750636161 146.818
45.340232236410316 146.818
45.48928366691018 146.818
45.63858143899638 146.818
45.788125193400376 146.818
45.93791457044996 146.818
46.08794921006933 146.818
46.238228751779126 146.818
46.38875283469646 146.818
46.539521097535015 146.818
46.69053317860499 146.818
46.841788715813095 146.818
46.99328734666266 146.818
47.14502870825367 146.818
47.29701243728284 146.818
47.449238170043714 146.818
47.60170554242672 146.818
47.75441418991924 146.818
47.90736374760567 146.818
48.0605538501675 146.818
48.21398413188338 146.818
48.367654226629156 146.818
48.52156376787797 146.818
48.67571238870029 146.818
48.83009972176398 146.818
48.98472539933434 146.818
49.139589053274165 146.818
49.294690315043816 146.818
49.45002881570124 146.818
49.605604185902024 146.818
49.761416055899446 146.818
49.91746405554451 146.818
50.073747814285966 146.818
50.23026696117039 146.818
50.38702112484218 146.818
50.5440099335435 146.818
50.701233015114276 146.818
50.858689996992204 146.818
51.016380506212826 146.818
51.17430416940955 146.818
51.3324606128137 146.818
51.49084946225454 146.818
51.64947034315931 146.818
51.808322880553256 146.818
51.967406699059644 146.818
52.12672142289979 146.818
52.28626667589305 146.818
52.44604208145687 146.818
52.60604726260676 146.818
52.76628184195631 146.818
52.926745441717195 146.818
53.08743768369918 146.818
53.248358189310096 146.818
53.409506579555845 146.818
53.5708824750404 146.818
53.73248549596576 146.818
53.89431526213197 146.818
54.05637139293706 146.818
54.21865350737708 146.818
54.381161224046004 146.818
54.54389416113568 146.818
54.7068519364357 146.818
54.87003416733336 146.818
55.033440470813694 146.818
55.19707046345946 146.818
55.36092376145109 146.818
55.5249999805667 146.818
55.68929873618204 146.818
55.8538196432705 146.818
56.01856231640304 146.818
56.18352636974819 146.818
56.348711417072 146.818
56.514117071738 146.818
56.679742946707144 146.818
56.8455886545378 146.818
57.01165380738568 146.818
57.17793801700379 146.818
57.34444089474239 146.818
57.51116205154892 146.818
57.678101097967975 146.818
57.84525764414121 146.818
58.01263129980732 146.818
58.18022167430192 146.818
58.34802837655755 146.818
58.516051015103564 146.818
58.68428919806597 146.818
58.852742533167294 146.818
59.021410627726524 146.818
59.19029308865907 146.818
59.35938952247669 146.818
59.52869953528747 146.818
59.698222732795756 146.818
59.86795872030206 146.818
60.03790710270306 146.818
60.20806748449146 146.818
60.378439469755975 146.818
60.54902266218124 146.818
60.71981666504772 146.818
60.890821081231685 146.818
61.062035513205046 146.818
61.23345956303534 146.818
61.40509283238562 146.818
61.57693492251436 146.818
61.748985434275376 146.818
61.92124396811772 146.818
62.093710124085604 146.818
62.266383501818275 146.818
62.43926370054993 146.818
62.61235031910961 146.818
62.785642955921084 146.818
62.95914120900265 146.818
63.13284467596694 146.818
63.30675295402082 146.818
63.480865639965316 146.818
63.6551823301955 146.818
63.82970262070042 146.818
64.00442610706295 146.818
64.17935238445978 146.818
64.35448104766114 146.818
64.52981169103087 146.818
64.70534390852617 146.818
64.88107729369753 146.818
65.0570114396886 146.818
65.23314593923601 146.818
65.40948038466934 146.818
65.58601436791086 146.818
65.76274748047548 146.818
65.93967931347055 146.818
66.11680945759572 146.818
66.2941375031428 146.818
66.47166303999559 146.818
66.6493856576297 146.818
66.82730494511239 146.818
67.00542049110246 146.818
67.18373188384997 146.818
67.36223871119606 146.818
67.54094056057258 146.818
67.71983701900203 146.818
67.89892767309733 146.818
68.07821210906168 146.818
68.25768991268838 146.818
68.43736066936064 146.818
68.61722396405143 146.818
68.79727938132325 146.818
68.97752650532796 146.818
69.15796491980657 146.818
69.33859420808905 146.818
69.51941395309407 146.818
69.70042373732885 146.818
69.88162314288888 146.818
70.06301175145778 146.818
70.24458914430694 146.818
70.4263549022954 146.818
70.60830860586957 146.818
70.79044983506294 146.818
70.97277816949592 146.818
71.15529318837554 146.818
71.33799447049513 146.818
71.52088159423418 146.818
71.70395413755797 146.818
71.88721167801725 146.818
72.07065379274786 146.818
72.25428005847046 146.818
72.43809005149028 146.818
72.6220833476969 146.818
72.80625952256392 146.818
72.99061815114874 146.818
73.17515880809222 146.818
73.35988106761849 146.818
73.54478450353456 146.818
73.72986868923007 146.818
73.91513319767704 146.818
74.10057760142945 146.818
74.28620147262303 146.818
74.47200438297492 146.818
74.65798590378331 146.818
74.8441456059272 146.818
75.03048305986596 146.818
75.21699783563912 146.818
75.40368950286594 146.818
75.59055763074514 146.818
75.77760178805448 146.818
75.96482154315049 146.818
76.15221646396806 146.818
76.33978611802013 146.818
76.5275300723972 146.818
76.71544789376685 146.818
76.90353914837348 146.818
77.09180340203791 146.818
77.28024022015704 146.818
77.46884916770352 146.818
77.65762980922541 146.818
77.84658170884579 146.818
78.0357044302624 146.818
78.22499753674732 146.818
78.41446059114655 146.818
78.60409315587965 146.818
78.79389479293938 146.818
78.9838650638913 146.818
79.17400352987339 146.818
79.36430975159566 146.818
79.55478328933977 146.818
79.74542370295863 146.818
79.93623055187601 146.818
80.12720339508613 146.818
80.31834179115326 146.818
80.50964529821134 146.818
80.70111347396353 146.818
80.89274587568185 146.818
81.08454206020673 146.818
81.27650158394651 146.818
81.46862400287692 146.818
81.66090887254072 146.818
81.85335574804725 146.818
82.04596418407213 146.818
82.23873373485681 146.818
82.43166395420816 146.818
82.62475439549812 146.818
82.81800461166323 146.818
83.01141415520429 146.818
83.20498257818593 146.818
83.39870943223617 146.818
83.59259426854607 146.818
83.78663663786924 146.818
83.98083609052149 146.818
84.1751921763804 146.818
84.36970444488487 146.818
84.5643724450347 146.818
84.75919572539024 146.818
84.95417383407188 146.818
85.1493063187597 146.818
85.34459272669297 146.818
85.5400326046698 146.818
85.7356254990467 146.818
85.93137095573812 146.818
86.12726852021592 146.818
86.32331773750892 146.818
86.51951815220241 146.818
86.71586930843783 146.818
86.91237074991234 146.818
87.10902201987844 146.818
87.30582266114354 146.818
87.50277221606962 146.818
87.69987022657277 146.818
87.89711623412285 146.818
88.09450977974303 146.818
88.29205040400946 146.818
88.48973764705079 146.818
88.68757104854782 146.818
88.88555014773313 146.818
89.0836744833906 146.818
89.28194359385508 146.818
89.48035701701197 146.818
89.67891429029683 146.818
89.87761495069499 146.818
90.07645853474115 146.818
90.27544457851899 146.818
90.47457261766077 146.818
90.67384218734699 146.818
90.87325282230596 146.818
91.0728040568133 146.818
91.27249542469153 146.818
91.47232645930966 146.818
91.67229669358285 146.818
91.87240565997215 146.818
92.07265289048404 146.818
92.27303791667019 146.818
92.47356026962709 146.818
92.67421947999567 146.818
92.87501507796108 146.818
93.07594659325224 146.818
93.27701355514161 146.818
93.47821549244479 146.818
93.67955193352029 146.818
93.88102240626911 146.818
94.08262643813453 146.818
94.28436355610172 146.818
94.48623328669753 146.818
94.68823515599006 146.818
94.89036868958851 146.818
95.09263341264283 146.818
95.29502884984338 146.818
95.49755452542075 146.818
95.70020996314547 146.818
95.90299468632767 146.818
96.1059082178168 146.818
96.30895008000125 146.818
96.51211979480811 146.818
96.715416883703 146.818
96.91884086768984 146.818
97.12239126731069 146.818
97.32606760264551 146.818
97.52986939331204 146.818
97.73379615846555 146.818
97.93784741679873 146.818
98.14202268654148 146.818
98.3463214854608 146.818
98.55074333086061 146.818
98.7552877395816 146.818
98.95995422800114 146.818
99.16474231203311 146.818
99.36965150712784 146.818
99.57468132827194 146.818
99.77983128998824 146.818
99.98510090633573 146.818
100.19048969090943 146.818
100.39599715684037 146.818
100.60162281679548 146.818
100.80736618297763 146.818
101.01322676712552 146.818
101.21920408051359 146.818
101.4252976339519 146.818
101.63150693778614 146.818
101.83783150189774 146.818
102.04427083570387 146.818
102.25082444815752 146.818
102.4574918477476 146.818
102.66427254249903 146.818
102.87116603997282 146.818
103.07817184726619 146.818
103.28528947101272 146.818
103.49251841738247 146.818
103.69985819208217 146.818
103.90730830035537 146.818
104.11486824698257 146.818
104.32253753628152 146.818
104.53031567210736 146.818
104.73820215785291 146.818
104.94619649644882 146.818
105.15429819036392 146.818
105.36250674160544 146.818
105.57082165171938 146.818
105.77924242179071 146.818
105.9877685524438 146.818
106.19639954384267 146.818
106.40513489569136 146.818
106.61397410723409 146.818
106.82291667725575 146.818
107.03196210408235 146.818
107.24110988558152 146.818
107.45035951916292 146.818
107.65971050177876 146.818
107.86916232992441 146.818
108.0787144996388 146.818
108.28836650650513 146.818
108.4981178456513 146.818
108.7079680117506 146.818
108.91791649902233 146.818
109.1279628012324 146.818
109.33810641169401 146.818
109.54834682326835 146.818
109.75868352836525 146.818
109.96911601894399 146.818
110.17964378651398 146.818
110.39026632213555 146.818
110.60098311642075 146.818
110.81179365953419 146.818
111.02269744119384 146.818
111.23369395067195 146.818
111.4447826767959 146.818
111.655963107949 146.818
111.86723473207141 146.818
112.07859703666102 146.818
112.29004950877457 146.818
112.50159163502867 146.818
112.71322290160089 146.818
112.92494279423082 146.818
113.13675079822124 146.818
113.34864639843929 146.818
113.56062907931756 146.818
113.77269832485541 146.818
113.98485361862012 146.818
114.19709444374818 146.818
114.4094202829466 146.818
114.62183061849419 146.818
114.83432493224294 146.818
115.04690270561939 146.818
115.25956341962602 146.818
115.47230655484272 146.818
115.68513159142822 146.818
115.8980380091216 146.818
116.11102528724385 146.818
116.32409290469938 146.818
116.53724033997769 146.818
116.75046707115489 146.818
116.96377257589532 146.818
117.17715633145316 146.818
117.39061781467412 146.818
117.60415650199725 146.818
117.81777186945683 146.818
118.03146339268415 146.818
118.2452305469094 146.818
118.45907280696362 146.818
118.67298964728067 146.818
118.88698054189918 146.818
119.10104496446459 146.818
119.31518238823122 146.818
119.52939228606436 146.818
119.74367413044239 146.818
119.95802739345895 146.818
120.17245154682516 146.818
120.38694606187184 146.818
120.6015104095518 146.818
120.81614406044217 146.818
121.0308464847467 146.818
121.24561715229824 146.818
121.46045553256108 146.818
121.6753610946335 146.818
121.89033330725022 146.818
122.10537163878497 146.818
122.320475557253 146.818
122.53564453031356 146.818
122.75087802527263 146.818
122.96617550908566 146.818
123.18153644836036 146.818
123.39696030935954 146.818
123.61244655800394 146.818
123.82799465987513 146.818
124.04360408021851 146.818
124.25927428394624 146.818
124.4750047356403 146.818
124.69079489955556 146.818
124.90664423962286 146.818
125.12255221945225 146.818
125.33851830233607 146.818
125.5545419512523 146.818
125.7706226288678 146.818
125.98675979754162 146.818
126.20295291932845 146.818
126.41920145598198 146.818
126.63550486895835 146.818
126.85186261941975 146.818
127.06827416823788 146.818
127.28473897599761 146.818
127.50125650300065 146.818
127.71782620926905 146.818
127.93444755454891 146.818
128.15111999831421 146.818
128.36784299977066 146.818
128.58461601785956 146.818
128.8014385112619 146.818
129.01830993840218 146.818
129.23522975745266 146.818
129.4521974263373 146.818
129.66921240273604 146.818
129.88627414408882 146.818
130.1033821076 146.818
130.32053575024258 146.818
130.5377345287625 146.818
130.75497789968313 146.818
130.97226531930954 146.818
131.18959624373315 146.818
131.40697012883618 146.818
131.62438643029625 146.818
131.84184460359103 146.818
132.05934410400286 146.818
132.27688438662355 146.818
132.49446490635916 146.818
132.71208511793475 146.818
132.92974447589938 146.818
133.14744243463085 146.818
133.3651784483406 146.818
133.5829519710788 146.818
133.80076245673948 146.818
134.01860935906558 146.818
134.23649213165436 146.818
134.45441022796248 146.818
134.67236310131145 146.818
134.89035020489285 146.818
135.1083709917739 146.818
135.32642491490284 146.818
135.54451142711446 146.818
135.7626299811356 146.818
135.98078002959087 146.818
136.19896102500826 146.818
136.41717241982488 146.818
136.63541366639265 146.818
136.85368421698425 146.818
137.07198352379885 146.818
137.29031103896813 146.818
137.5086662145622 146.818
137.72704850259564 146.818
137.9454573550335 146.818
138.1638922237976 146.818
138.3823525607725 146.818
138.60083781781168 146.818
138.81934744674382 146.818
139.03788089937902 146.818
139.25643762751528 146.818
139.47501708294493 146.818
139.69361871746116 146.818
139.91224198286457 146.818
140.1308863309697 146.818
140.3495512136118 146.818
140.56823608265339 146.818
140.78694038999117 146.818
141.00566358756274 146.818
141.22440512735335 146.818
141.44316446140294 146.818
141.66194104181304 146.818
141.88073432075373 146.818
142.09954375047067 146.818
142.31836878329224 146.818
142.53720887163664 146.818
142.75606346801908 146.818
142.974932025059 146.818
143.19381399548737 146.818
143.41270883215404 146.818
143.631615988035 146.818
143.85053491623995 146.818
144.06946507001953 146.818
144.2884059027728 146.818
144.50735686805487 146.818
144.72631741958443 146.818
144.9452870112515 146.818
145.1642650971252 146.818
145.38325113146135 146.818
145.60224456871046 146.818
145.82124486352552 146.818
146.04025147076982 146.818
146.25926384552497 146.818
146.47828144309892 146.818
146.69730371903387 146.818
146.91633012911436 146.818
147.13536012937547 146.818
147.3543931761109 146.818
147.57342872588112 146.818
147.79246623552166 146.818
148.01150516215137 146.818
148.23054496318068 146.818
148.44958509632002 146.818
148.66862501962876 146.818
148.88766419162584 146.818
149.1067020713596 146.818
149.32573811841553 146.818
149.54477179292326 146.818
149.76380255556342 146.818
149.98282986757485 146.818
150.2018531907617 146.818
150.42087198750053 146.818
150.6398857207475 146.818
150.8588938540454 146.818
151.07789585153097 146.818
151.29689117794197 146.818
151.51587929862436 146.818
151.73485967953948 146.818
151.95383178727127 146.818
152.17279508903343 146.818
152.39174905267666 146.818
152.61069314669587 146.818
152.82962684023738 146.818
153.0485496031062 146.818
153.2674609057732 146.818
153.48636021938236 146.818
153.70524701575812 146.818
153.92412076741252 146.818
154.14298094755256 146.818
154.36182703008737 146.818
154.5806584896356 146.818
154.7994748015326 146.818
155.0182754418377 146.818
155.2370598873413 146.818
155.45582761557236 146.818
155.67457810480562 146.818
155.8933108340689 146.818
156.1120252831506 146.818
156.33072093260682 146.818
156.54939726376898 146.818
156.76805375875094 146.818
156.9866899004564 146.818
157.20530517258635 146.818
157.4238990596463 146.818
157.64247104695366 146.818
157.86102062064523 146.818
158.07954726768438 146.818
158.29805047586848 146.818
158.51652973383625 146.818
158.73498453107516 146.818
158.95341435792872 146.818
159.1718187056039 146.818
159.39019706617844 146.818
159.60854893260824 146.818
159.82687379873474 146.818
160.04517115929218 146.818
160.26344050991509 146.818
160.48168134714538 146.818
160.69989316843981 146.818
160.91807547217718 146.818
161.13622775766578 146.818
161.35434952515078 146.818
161.5724402758216 146.818
161.7904995118192 146.818
162.00852673624354 146.818
162.22652145316079 146.818
162.44448316761083 146.818
162.6624113856145 146.818
162.8803056141809 146.818
163.09816536131487 146.818
163.31599013602408 146.818
163.53377944832656 146.818
163.75153280925787 146.818
163.96924973087846 146.818
164.18692972628094 146.818
164.40457230959737 146.818
164.62217699600652 146.818
164.83974330174115 146.818
165.0572707440953 146.818
165.27475884143144 146.818
165.49220711318785 146.818
165.70961507988574 146.818
165.92698226313638 146.818
166.14430818564833 146.818
166.3615923712345 146.818
166.57883434481957 146.818
166.79603363244698 146.818
167.0131897612863 146.818
167.23030225964027 146.818
167.44737065695207 146.818
167.6643944838124 146.818
167.88137327196665 146.818
168.09830655432202 146.818
168.31519386495458 146.818
168.53203473911643 146.818
168.74882871324274 146.818
168.96557532495882 146.818
169.18227411308712 146.818
169.39892461765433 146.818
169.6155263798984 146.818
169.83207894227542 146.818
170.04858184846674 146.818
170.2650346433859 146.818
170.48143687318543 146.818
170.69778808526402 146.818
170.91408782827327 146.818
171.1303356521246 146.818
171.34653110799601 146.818
171.562673748339 146.818
171.7787631268852 146.818
171.9947987986534 146.818
172.21078031995626 146.818
172.42670724840718 146.818
172.64257914292708 146.818
172.85839556375103 146.818
173.0741560724351 146.818
173.28986023186306 146.818
173.50550760625302 146.818
173.7210977611641 146.818
173.93663026350305 146.818
174.15210468153094 146.818
174.36752058486965 146.818
174.5828775445085 146.818
174.79817513281077 146.818
175.01341292352018 146.818
175.22859049176745 146.818
175.44370741407667 146.818
175.6587632683718 146.818
175.87375763398313 146.818
176.08869009165352 146.818
176.30356022354488 146.818
176.51836761324444 146.818
176.733111845771 146.818
176.94779250758106 146.818
177.1624091865752 146.818
177.37696147210417 146.818
177.59144895497528 146.818
177.80587122745845 146.818
178.02022788329242 146.818
178.23451851769082 146.818
178.44874272734828 146.818
178.66290011044651 146.818
178.87699026666036 146.818
179.09101279716364 146.818
179.30496730463528 146.818
179.51885339326515 146.818
179.73267066875997 146.818
179.94641873834917 146.818
180.1600972107907 146.818
180.37370569637687 146.818
180.58724380694008 146.818
180.80071115585852 146.818
181.0141073580619 146.818
181.22743203003705 146.818
181.4406847898336 146.818
181.65386525706955 146.818
181.86697305293677 146.818
182.0800078002065 146.818
182.29296912323466 146.818
182.50585664796742 146.818
182.71867000194652 146.818
182.93140881431475 146.818
183.14407271582124 146.818
183.35666133882677 146.818
183.56917431730903 146.818
183.78161128686793 146.818
183.99397188473068 146.818
184.206255749757 146.818
184.4184625224442 146.818
184.6305918449323 146.818
184.842643361009 146.818
185.05461671611468 146.818
185.26651155734734 146.818
185.47832753346756 146.818
185.69006429490327 146.818
185.90172149375462 146.818
186.11329878379877 146.818
186.32479582049461 146.818
186.53621226098744 146.818
186.74754776411362 146.818
186.95880199040516 146.818
187.16997460209438 146.818
187.38106526311822 146.818
187.5920736391227 146.818
187.8029993974674 146.818
188.01384220722983 146.818
188.2246017392098 146.818
188.43527766593374 146.818
188.64586966165902 146.818
188.8563774023781 146.818
189.0668005658227 146.818
189.27713883146802 146.818
189.48739188053676 146.818
189.69755939600313 146.818
189.9076410625969 146.818
190.11763656680728 146.818
190.3275455968869 146.818
190.53736784285553 146.818
190.74710299650403 146.818
190.95675075139795 146.818
191.1663108028813 146.818
191.3757828480802 146.818
191.5851665859065 146.818
191.7944617170613 146.818
192.0036679440384 146.818
192.21278497112792 146.818
192.42181250441953 146.818
192.63075025180586 146.818
192.83959792298563 146.818
193.048355229467 146.818
193.25702188457078 146.818
193.46559760343354 146.818
193.67408210301087 146.818
193.88247510208035 146.818
194.0907763212446 146.818
194.29898548293417 146.818
194.5071023114106 146.818
194.71512653276915 146.818
194.9230578749417 146.818
195.1308960676994 146.818
195.33864084265554 146.818
195.546291933268 146.818
195.75384907484204 146.818
195.96131200453263 146.818
196.16868046134718 146.818
196.37595418614777 146.818
196.5831329216537 146.818
196.79021641244367 146.818
196.9972044049582 146.818
197.20409664750176 146.818
197.41089289024495 146.818
197.61759288522668 146.818
197.82419638635608 146.818
198.03070314941445 146.818
198.23711293205733 146.818
198.44342549381633 146.818
198.64964059610102 146.818
198.85575800220073 146.818
199.06177747728634 146.818
199.26769878841196 146.818
199.47352170451651 146.818
199.67924599642544 146.818
199.8848714368521 146.818
200.0903978003994 146.818
200.29582486356097 146.818
200.50115240472286 146.818
200.70638020416453 146.818
200.91150804406033 146.818
201.11653570848054 146.818
201.32146298339262 146.818
201.52628965666224 146.818
201.73101551805433 146.818
201.93564035923401 146.818
202.14016397376756 146.818
202.34458615712325 146.818
202.5489067066722 146.818
202.75312542168902 146.818
202.95724210335257 146.818
203.16125655474642 146.818
203.36516858085952 146.818
203.56897798858674 146.818
203.77268458672933 146.818
203.9762881859954 146.818
204.17978859900023 146.818
204.38318564026665 146.818
204.5864791262252 146.818
204.78966887521455 146.818
204.99275470748134 146.818
205.19573644518053 146.818
205.3986139123753 146.818
205.6013869350371 146.818
205.80405534104548 146.818
206.00661896018806 146.818
206.20907762416024 146.818
206.41143116656505 146.818
206.61367942291275 146.818
206.81582223062057 146.818
207.0178594290122 146.818
207.21979085931736 146.818
207.4216163646713 146.818
207.62333579011423 146.818
207.82494898259057 146.818
208.02645579094832 146.818
208.2278560659382 146.818
208.42914966021286 146.818
208.63033642832605 146.818
208.83141622673176 146.818
209.0323889137832 146.818
209.23325434973182 146.818
209.4340123967263 146.818
209.63466291881133 146.818
209.8352057819265 146.818
210.03564085390505 146.818
210.2359680044726 146.818
210.43618710524575 146.818
210.63629802973082 146.818
210.83630065332224 146.818
211.03619485330117 146.818
211.23598050883382 146.818
211.43565750097 146.818
211.63522571264127 146.818
211.8346850286594 146.818
212.03403533571446 146.818
212.23327652237302 146.818
212.43240847907634 146.818
212.6314310981384 146.818
212.83034427374386 146.818
213.02914790194606 146.818
213.22784188066478 146.818
213.42642610968417 146.818
213.62490049065062 146.818
213.82326492707043 146.818
214.02151932430758 146.818
214.21966358958142 146.818
214.4176976319642 146.818
214.61562136237868 146.818
214.8134346935957 146.818
215.01113754023152 146.818
215.2087298187453 146.818
215.40621144743642 146.818
215.6035823464418 146.818
215.8008424377332 146.818
215.99799164511427 146.818
216.19502989421792 146.818
216.39195711250326 146.818
216.5887732292527 146.818
216.78547817556898 146.818
216.98207188437215 146.818
217.17855429039636 146.818
217.37492533018684 146.818
217.57118494209666 146.818
217.7673330662835 146.818
217.96336964470632 146.818
218.15929462112197 146.818
218.35510794108183 146.818
218.5508095519284 146.818
218.74639940279187 146.818
218.94187744458654 146.818
219.13724363000736 146.818
219.33249791352628 146.818
219.52764025138862 146.818
219.72267060160934 146.818
219.91758892396936 146.818
220.1123951800118 146.818
220.307089333038 146.818
220.50167134810383 146.818
220.6961411920157 146.818
220.89049883332655 146.818
221.08474424233196 146.818
221.278877391066 146.818
221.4728982532972 146.818
221.6668068045243 146.818
221.8606030219723 146.818
222.05428688458804 146.818
222.24785837303602 146.818
222.44131746969407 146.818
222.63466415864906 146.818
222.8278984256924 146.818
223.02102025831564 146.818
223.21402964570595 146.818
223.40692657874166 146.818
223.59971104998777 146.818
223.79238305369134 146.818
223.98494258577685 146.818
224.17738964384162 146.818
224.36972422715107 146.818
224.56194633663398 146.818
224.7540559748778 146.818
224.94605314612372 146.818
225.137937856262 146.818
225.32971011282692 146.818
225.52136992499194 146.818
225.7129173035648 146.818
225.90435226098242 146.818
226.09567481130594 146.818
226.28688497021565 146.818
226.47798275500594 146.818
226.66896818458008 146.818
226.8598412794451 146.818
227.05060206170663 146.818
227.2412505550636 146.818
227.43178678480302 146.818
227.62221077779463 146.818
227.81252256248555 146.818
228.00272216889485 146.818
228.19280962860825 146.818
228.38278497477268 146.818
228.57264824209085 146.818
228.76239946681574 146.818
228.95203868674514 146.818
229.14156594121604 146.818
229.33098127109915 146.818
229.5202847187932 146.818
229.70947632821938 146.818
229.8985561448157 146.818
230.0875242155312 146.818
230.2763805888204 146.818
230.46512531463733 146.818
230.65375844443003 146.818
230.8422800311345 146.818
231.03069012916902 146.818
231.21898879442827 146.818
231.40717608427747 146.818
231.5952520575464 146.818
231.78321677452357 146.818
231.9710702969502 146.818
232.15881268801425 146.818
232.34644401234445 146.818
232.5339643360041 146.818
232.72137372648515 146.818
232.9086722527021 146.818
233.09585998498594 146.818
233.28293699507796 146.818
233.46990335612375 146.818
233.6567591426669 146.818
233.843504430643 146.818
234.03013929737327 146.818
234.2166638215584 146.818
234.40307808327242 146.818
234.58938216395632 146.818
234.7755761464118 146.818
234.96166011479497 146.818
235.14763415461007 146.818
235.33349835270312 146.818
235.5192527972555 146.818
235.7048975777777 146.818
235.89043278510286 146.818
236.07585851138035 146.818
236.26117485006938 146.818
236.44638189593255 146.818
236.63147974502942 146.818
236.81646849471 146.818
237.00134824360822 146.818
237.18611909163545 146.818
237.37078113997399 146.818
237.55533449107045 146.818
237.7397792486294 146.818
237.92411551760662 146.818
238.10834340420274 146.818
238.29246301585647 146.818
238.47647446123815 146.818
238.6603778502431 146.818
238.84417329398497 146.818
239.0278609047892 146.818
239.21144079618637 146.818
239.39491308290548 146.818
239.57827788086732 146.818
239.76153530717787 146.818
239.94468548012154 146.818
240.12772851915452 146.818
240.3106645448981 146.818
240.4934936791319 146.818
240.67621604478722 146.818
240.85883176594035 146.818
241.04134096780572 146.818
241.22374377672924 146.818
241.40604032018155 146.818
241.58823072675125 146.818
241.7703151261381 146.818
241.9522936491462 146.818
242.13416642767743 146.818
242.31593359472438 146.818
242.49759528436385 146.818
242.67915163174996 146.818
242.86060277310733 146.818
243.0419488457244 146.818
243.22318998794654 146.818
243.40432633916933 146.818
243.5853580398317 146.818
243.7662852314092 146.818
243.9471080564071 146.818
244.12782665835368 146.818
244.3084411817934 146.818
244.48895177228002 146.818
244.66935857636986 146.818
244.84966174161497 146.818
245.02986141655632 146.818
245.209957750717 146.818
245.38995089459533 146.818
245.56984099965814 146.818
245.74962821833392 146.818
245.929312704006 146.818
246.10889461100572 146.818
246.28837409460556 146.818
246.46775131101242 146.818
246.6470264173607 146.818
246.82619957170567 146.818
247.0052709330165 146.818
247.18424066116958 146.818
247.36310891694168 146.818
247.54187586200322 146.818
247.72054165891143 146.818
247.89910647110355 146.818
248.07757046289018 146.818
248.25593379944837 146.818
248.4341966468149 146.818
248.61235917187958 146.818
248.79042154237834 146.818
248.96838392688664 146.818
249.14624649481271 146.818
249.32400941639065 146.818
249.5016728626739 146.818
249.67923700552836 146.818
249.8567020176258 146.818
250.03406807243698 146.818
250.2113353442251 146.818
250.38850400803904 146.818
250.56557423970665 146.818
250.742546215828 146.818
250.91942011376884 146.818
251.09619611165374 146.818
251.27287438835964 146.818
251.4494551235091 146.818
251.62593849746366 146.818
251.80232469131735 146.818
251.9786138868899 146.818
252.1548062667202 146.818
252.33090201405972 146.818
252.506901312866 146.818
252.68280434779598 146.818
252.85861130419937 146.818
253.0343223681123 146.818
253.20993772625062 146.818
253.3854575660034 146.818
253.56088207542643 146.818
253.7362114432358 146.818
253.9114458588012 146.818
254.08658551213964 146.818
254.2616305939089 146.818
254.43658129540106 146.818
254.61143780853604 146.818
254.78620032585525 146.818
254.96086904051506 146.818
255.1354441462805 146.818
255.30992583751868 146.818
255.48431430919265 146.818
255.6586097568549 146.818
255.83281237664102 146.818
256.00692236526345 146.818
256.1809399200051 146.818
256.35486523871305 146.818
256.5286985197924 146.818
256.7024399621998 146.818
256.87608976543726 146.818
257.0496481295461 146.818
257.2231152551004 146.818
257.39649134320115 146.818
257.5697765954697 146.818
257.7429712140419 146.818
257.9160754015617 146.818
258.08908936117524 146.818
258.26201329652446 146.818
258.43484741174126 146.818
258.6075919114412 146.818
258.7802470007175 146.818
258.9528128851351 146.818
259.12528977072435 146.818
259.29767786397525 146.818
259.4699773718313 146.818
259.6421885016835 146.818
259.81431146136447 146.818
259.98634645914234 146.818
260.15829370371506 146.818
260.3301534042043 146.818
260.5019257701496 146.818
260.67361101150266 146.818
260.84520933862126 146.818
261.0167209622635 146.818
261.1881460935821 146.818
261.35948494411844 146.818
261.5307377257969 146.818
261.70190465091895 146.818
261.8729859321577 146.818
262.04398178255184 146.818
262.2148924155002 146.818
262.3857180447559 146.818
262.5564588844208 146.818
262.72711514893984 146.818
262.89768705309535 146.818
263.06817481200153 146.818
263.23857864109885 146.818
263.4088987561485 146.818
263.57913537322685 146.818
263.7492887087198 146.818
263.9193589793174 146.818
264.0893464020084 146.818
264.25925119407475 146.818
264.4290735730862 146.818
264.5988137568948 146.818
264.7684719636296 146.818
264.9380484116914 146.818
265.1075433197471 146.818
265.2769569067246 146.818
265.44628939180745 146.818
265.6155409944296 146.818
265.78471193427004 146.818
265.9538024312477 146.818
266.12281270551614 146.818
266.29174297745834 146.818
266.4605934676815 146.818
266.6293643970122 146.818
266.7980559864907 146.818
266.9666684573663 146.818
267.1352020310922 146.818
267.30365692932025 146.818
267.47203337389595 146.818
267.6403315868536 146.818
267.8085517904111 146.818
267.9766942069651 146.818
268.14475905908586 146.818
268.3127465695126 146.818
268.48065696114844 146.818
268.64849045705546 146.818
268.81624728044994 146.818
268.9839276546976 146.818
269.1515318033085 146.818
269.3190599499326 146.818
269.48651231835476 146.818
269.65388913249006 146.818
269.82119061637917 146.818
269.98841699418347 146.818
270.1555684901805 146.818
270.3226453287592 146.818
270.48964773441554 146.818
270.6565759317475 146.818
270.82343014545086 146.818
270.9902106003144 146.818
271.1569175212155 146.818
271.3235511331156 146.818
271.49011166105555 146.818
271.6565993301514 146.818
271.8230143655897 146.818
271.9893569926233 146.818
272.15562743656676 146.818
272.32182592279196 146.818
272.4879526767239 146.818
272.6540079238364 146.818
272.81999188964744 146.818
272.9859047997153 146.818
273.15174687963406 146.818
273.3175183550295 146.818
273.48321945155476 146.818
273.64885039488615 146.818
273.8144114107191 146.818
273.979902724764 146.818
274.14532456274185 146.818
274.31067715038057 146.818
274.47596071341053 146.818
274.64117547756075 146.818
274.8063216685547 146.818
274.97139951210636 146.818
275.13640923391637 146.818
275.30135105966787 146.818
275.4662252150227 146.818
275.63103192561726 146.818
275.795771417059 146.818
275.96044391492217 146.818
276.12504964474425 146.818
276.2895888320219 146.818
276.45406170220724 146.818
276.6184684807042 146.818
276.7828093928647 146.818
276.94708466398464 146.818
277.11129451930066 146.818
277.2754391839862 146.818
277.4395188831478 146.818
277.60353384182156 146.818
277.76748428496956 146.818
277.9313704374761 146.818
278.09519252414435 146.818
278.2589507696926 146.818
278.4226453987509 146.818
278.5862766358574 146.818
278.749844705455 146.818
278.91334983188784 146.818
279.0767922393978 146.818
279.2401721521212 146.818
279.40348979408543 146.818
279.5667453892054 146.818
279.7299391612803 146.818
279.8930713339904 146.818
280.05614213089353 146.818
280.2191517754219 146.818
280.3821004908788 146.818
280.5449885004356 146.818
280.707816027128 146.818
280.8705832938534 146.818
281.0332905233674 146.818
281.1959379382808 146.818
281.35852576105646 146.818
281.52105421400614 146.818
281.68352351928746 146.818
281.84593389890085 146.818
282.00828557468645 146.818
282.1705787683212 146.818
282.33281370131573 146.818
282.4949905950114 146.818
282.6571096705776 146.818
282.81917114900835 146.818
282.9811752511198 146.818
283.14312219754714 146.818
283.30501220874186 146.818
283.4668455049688 146.818
283.62862230630327 146.818
283.7903428326285 146.818
283.9520073036325 146.818
284.11361593880565 146.818
284.27516895743776 146.818
284.4366665786153 146.818
284.5981090212189 146.818
284.75949650392045 146.818
284.92082924518064 146.818
285.08210746324613 146.818
285.2433313761472 146.818
285.4045012016948 146.818
285.56561715747836 146.818
285.72667946086295 146.818
285.8876883289868 146.818
286.048643978759 146.818
286.2095466268567 146.818
286.3703964897228 146.818
286.5311937835635 146.818
286.6919387243458 146.818
286.8526315277952 146.818
287.0132724093932 146.818
287.17386158437495 146.818
287.3343992677269 146.818
287.4948856741845 146.818
287.6553210182298 146.818
287.8157055140893 146.818
287.9760393757315 146.818
288.1363228168647 146.818
288.29655605093495 146.818
288.4567392911235 146.818
288.6168727503448 146.818
288.7769566412443 146.818
288.9369911761963 146.818
289.09697656730174 146.818
289.25691302638614 146.818
289.4168007649975 146.818
289.57663999440416 146.818
289.73643092559274 146.818
289.8961737692662 146.818
290.0558687358417 146.818
290.2155160354486 146.818
290.3751158779265 146.818
290.53466847282317 146.818
290.6941740293928 146.818
290.8536327565939 146.818
291.01304486308743 146.818
291.17241055723485 146.818
291.3317300470963 146.818
291.49100354042866 146.818
291.6502312446838 146.818
291.80941336700675 146.818
291.96855011423366 146.818
292.1276416928903 146.818
292.28668830919014 146.818
292.4456901690326 146.818
292.6046474780013 146.818
292.7635604413623 146.818
292.9224292640625 146.818
293.08125415072783 146.818
293.2400353056617 146.818
293.3987729328432 146.818
293.55746723592557 146.818
293.7161184182345 146.818
293.87472668276655 146.818
294.03329223218765 146.818
294.1918152688314 146.818
294.3502959946976 146.818
294.50873461145056 146.818
294.66713132041775 146.818
294.82548632258823 146.818
294.98379981861115 146.818
295.14207200879423 146.818
295.3003030931024 146.818
295.45849327115627 146.818
295.6166427422308 146.818
295.7747517052537 146.818
295.93282035880424 146.818
296.09084890111177 146.818
296.2488375300543 146.818
296.4067864431573 146.818
296.5646958375922 146.818
296.72256591017515 146.818
296.8803968573658 146.818
297.0381888752658 146.818
297.19594215961774 146.818
297.3536569058038 146.818
297.5113333088444 146.818
297.66897156339724 146.818
297.8265718637558 146.818
297.9841344038483 146.818
298.1416593772366 146.818
298.2991469771147 146.818
298.45659739630787 146.818
298.6140108272716 146.818
298.77138746209016 146.818
298.9287274924756 146.818
299.0860311097668 146.818
299.2432985049282 146.818
299.4005298685488 146.818
299.5577253908412 146.818
299.7148852616404 146.818
299.8720096704028 146.818
300.0290988062053 146.818
300.1861528577442 146.818
300.3431720133342 146.818
300.5001564609075 146.818
300.6571063880127 146.818
300.81402198181416 146.818
300.9709034290906 146.818
301.1277509162346 146.818
301.2845646292515 146.818
301.44134475375853 146.818
301.59809147498396 146.818
301.7548049777661 146.818
301.9114854465528 146.818
302.0681330654 146.818
302.2247480179716 146.818
302.3813304875381 146.818
302.5378806569761 146.818
302.6943987087673 146.818
302.850884824998 146.818
303.007339187358 146.818
303.1637619771401 146.818
303.3201533752392 146.818
303.4765135621517 146.818
303.6328427179746 146.818
303.78914102240503 146.818
303.9454086547394 146.818
304.10164579387276 146.818
304.257852618298 146.818
304.4140293061054 146.818
304.57017603498196 146.818
304.72629298221057 146.818
304.88238032466955 146.818
305.038438238832 146.818
305.1944669007652 146.818
305.35046648612996 146.818
305.5064371701802 146.818
305.6623791277622 146.818
305.81829253331415 146.818
305.97417756086554 146.818
306.13003438403666 146.818
306.28586317603816 146.818
306.44166410967034 146.818
306.5974373573228 146.818
306.7531830909739 146.818
306.9089014821903 146.818
307.06459270212645 146.818
307.22025692152414 146.818
307.3758943107121 146.818
307.5315050396056 146.818
307.6870892777057 146.818
307.84264719409936 146.818
307.99817895745855 146.818
308.1536847360401 146.818
308.3091646976852 146.818
308.4646190098193 146.818
308.62004783945116 146.818
308.7754513531732 146.818
308.9308297171605 146.818
309.086183097171 146.818
309.24151165854477 146.818
309.3968155662039 146.818
309.5520949846521 146.818
309.7073500779745 146.818
309.8625810098373 146.818
310.01778794348735 146.818
310.17297104175213 146.818
310.32813046703933 146.818
310.48326638133653 146.818
310.63837894621116 146.818
310.7934683228101 146.818
310.9485346718595 146.818
311.1035781536645 146.818
311.2585989281092 146.818
311.4135971546563 146.818
311.5685729923469 146.818
311.72352659980027 146.818
311.8784581352139 146.818
312.0333677563632 146.818
312.1882556206012 146.818
312.3431218848586 146.818
312.49796670564353 146.818
312.6527902390415 146.818
312.80759264071514 146.818
312.9623740659042 146.818
313.1171346694254 146.818
313.2718746056723 146.818
313.42659402861517 146.818
313.58129309180106 146.818
313.7359719483536 146.818
313.8906307509729 146.818
314.04526965193554 146.818
314.1998888030946 146.818
314.3544883558794 146.818
314.5090684612957 146.818
314.6636292699255 146.818
314.81817093192694 146.818
314.9726935970346 146.818
315.1271974145592 146.818
315.2816825333877 146.818
315.43614910198335 146.818
315.5905972683856 146.818
315.74502718021006 146.818
315.89943898464884 146.818
316.05383282847026 146.818
316.208208858019 146.818
316.3625672192162 146.818
316.51690805755936 146.818
316.67123151812257 146.818
316.8255377455565 146.818
316.9798268840885 146.818
317.1340990775226 146.818
317.2883544692397 146.818
317.44259320219766 146.818
317.5968154189312 146.818
317.7510212615524 146.818
317.9052108717504 146.818
318.0593843907917 146.818
318.21354195952034 146.818
318.36768371835797 146.818
318.52180980730395 146.818
318.6759203659356 146.818
318.8300155334082 146.818
318.98409544845526 146.818
319.13816024938865 146.818
319.29221007409876 146.818
319.44624506005465 146.818
319.6002653443043 146.818
319.75427106347485 146.818
319.90826235377244 146.818
320.0622393509829 146.818
320.2162021904716 146.818
320.3701510071839 146.818
320.524085935645 146.818
320.6780071099606 146.818
320.8319146638169 146.818
320.98580873048076 146.818
321.13968944280003 146.818
321.29355693320383 146.818
321.44741133370275 146.818
321.6012527758891 146.818
321.75508139093716 146.818
321.90889730960345 146.818
322.062700662227 146.818
322.2164915787296 146.818
322.3702701886161 146.818
322.5240366209747 146.818
322.6777910044772 146.818
322.8315334673794 146.818
322.98526413752114 146.818
323.13898314232694 146.818
323.292690608806 146.818
323.44638666355286 146.818
323.60007143274726 146.818
323.75374504215483 146.818
323.9074076171273 146.818
324.06105928260286 146.818
324.21470016310633 146.818
324.3683303827498 146.818
324.52195006523255 146.818
324.6755593338419 146.818
324.8291583114531 146.818
324.98274712053006 146.818
325.13632588312544 146.818
325.28989472088114 146.818
325.4434537550286 146.818
325.5970031063893 146.818
325.7505428953751 146.818
325.9040732419883 146.818
326.0575942658227 146.818
326.21110608606324 146.818
326.36460882148697 146.818
326.5181025904631 146.818
326.6715875109536 146.818
326.82506370051345 146.818
326.97853127629116 146.818
327.1319903550292 146.818
327.2854410530643 146.818
327.438883486328 146.818
327.59231777034694 146.818
327.7457440202434 146.818
327.89916235073576 146.818
328.05257287613875 146.818
328.20597571036404 146.818
328.3593709669207 146.818
328.5127587589156 146.818
328.6661391990537 146.818
328.8195123996388 146.818
328.9728784725739 146.818
329.12623752936133 146.818
329.2795896811038 146.818
329.4329350385044 146.818
329.5862737118673 146.818
329.7396058110981 146.818
329.8929314457043 146.818
330.04625072479587 146.818
330.1995637570858 146.818
330.35287065089034 146.818
330.5061715141297 146.818
330.65946645432837 146.818
330.81275557861585 146.818
330.96603899372695 146.818
331.1193168060023 146.818
331.27258912138893 146.818
331.4258560454408 146.818
331.5791176833192 146.818
331.7323741397934 146.818
331.88562551924105 146.818
332.0388719256486 146.818
332.1921134626121 146.818
332.34535023333757 146.818
332.4985823406414 146.818
332.6518098869512 146.818
332.8050329743059 146.818
332.95825170435677 146.818
333.1114661783675 146.818
333.264676497215 146.818
333.41788276139 146.818
333.57108507099724 146.818
333.72428352575645 146.818
333.87747822500256 146.818
334.03066926768656 146.818
334.1838567523757 146.818
334.3370407772543 146.818
334.4902214401243 146.818
334.64339883840563 146.818
334.79657306913697 146.818
334.9497442289763 146.818
335.10291241420117 146.818
335.2560777207098 146.818
335.40924024402125 146.818
335.5624000792761 146.818
335.71555732123693 146.818
335.8687120642891 146.818
336.0218644024413 146.818
336.1750144293258 146.818
336.3281622381996 146.818
336.4813079219444 146.818
336.6344515730677 146.818
336.7875932837031 146.818
336.9407331456109 146.818
337.09387125017895 146.818
337.2470076884229 146.818
337.400142550987 146.818
337.55327592814467 146.818
337.706407909799 146.818
337.8595385854835 146.818
338.01266804436267 146.818
338.1657963752325 146.818
338.3189236665212 146.818
338.47205000628975 146.818
338.6251754822325 146.818
338.7783001816779 146.818
338.9314241915888 146.818
339.0845475985635 146.818
339.23767048883616 146.818
339.39079294827724 146.818
339.54391506239443 146.818
339.69703691633316 146.818
339.85015859487703 146.818
340.0032801824488 146.818
340.15640176311064 146.818
340.3095234205645 146.818
340.4626452381524 146.818
340.6157672988567 146.818
340.7688896853012 146.818
340.9220124797513 146.818
341.075135764115 146.818
341.22825961994334 146.818
341.38138412843125 146.818
341.53450937041805 146.818
341.6876354263881 146.818
341.84076237647156 146.818
341.99389030044495 146.818
342.14701927773194 146.818
342.30014938740385 146.818
342.45328070818033 146.818
342.6064133184302 146.818
342.75954729617195 146.818
342.9126827190743 146.818
343.06581966445725 146.818
343.21895820929234 146.818
343.3720984302035 146.818
343.5252404034677 146.818
343.6783842050157 146.818
343.8315299104324 146.818
343.98467759495793 146.818
344.13782733348813 146.818
344.2909792005752 146.818
344.44413327042827 146.818
344.59728961691434 146.818
344.75044831355876 146.818
344.9036094335459 146.818
345.05677304972 146.818
345.20993923458553 146.818
345.36310806030826 146.818
345.5162795987157 146.818
345.6694539212977 146.818
345.82263109920734 146.818
345.9758112032615 146.818
346.12899430394157 146.818
346.28218047139404 146.818
346.43536977543135 146.818
346.5885622855325 146.818
346.74175807084356 146.818
346.89495720017874 146.818
347.04815974202063 146.818
347.20136576452126 146.818
347.35457533550255 146.818
347.507788522457 146.818
347.66100539254865 146.818
347.8142260126133 146.818
347.9674504491596 146.818
348.12067876836966 146.818
348.2739110360995 146.818
348.42714731788 146.818
348.5803876789175 146.818
348.73363218409446 146.818
348.88688089797023 146.818
349.04013388478165 146.818
349.19339120844376 146.818
349.34665293255057 146.818
349.49991912037564 146.818
349.6531898348728 146.818
349.80646513867697 146.818
349.9597450941046 146.818
350.11302976315466 146.818
350.266319207509 146.818
350.41961348853346 146.818
350.57291266727816 146.818
350.72621680447844 146.818
350.87952596055544 146.818
351.03284019561687 146.818
351.18615956945763 146.818
351.3394841415606 146.818
351.49281397109723 146.818
351.6461491169283 146.818
351.79948963760467 146.818
351.9528355913677 146.818
352.1061870361504 146.818
352.2595440295777 146.818
352.41290662896733 146.818
352.56627489133064 146.818
352.71964887337305 146.818
352.87302863149483 146.818
353.0264142217919 146.818
353.17980570005653 146.818
353.3332031217778 146.818
353.4866065421425 146.818
353.6400160160359 146.818
353.7934315980421 146.818
353.9468533424452 146.818
354.1002813032296 146.818
354.253715534081 146.818
354.4071560883868 146.818
354.560603019237 146.818
354.71405637942496 146.818
354.8675162214479 146.818
355.0209825975076 146.818
355.17445555951133 146.818
355.3279351590723 146.818
355.48142144751046 146.818
355.63491447585324 146.818
355.7884142948362 146.818
355.9419209549036 146.818
356.0954345062094 146.818
356.2489549986177 146.818
356.4024824817035 146.818
356.5560170047533 146.818
356.7095586167662 146.818
356.86310736645396 146.818
357.0166633022423 146.818
357.1702264722713 146.818
357.323796924396 146.818
357.47737470618733 146.818
357.63095986493266 146.818
357.7845524476366 146.818
357.9381525010216 146.818
358.0917600715287 146.818
358.2453752053182 146.818
358.3989979482704 146.818
358.5526283459862 146.818
358.70626644378785 146.818
358.8599122867198 146.818
359.0135659195491 146.818
359.16722738676617 146.818
359.32089673258577 146.818
359.4745740009473 146.818
359.6282592355158 146.818
359.7819524796825 146.818
359.9356537765654 146.818
360.08936316901026 146.818
360.243080699591 146.818
360.3968064106107 146.818
360.5505403441019 146.818
360.7042825418276 146.818
360.8580330452818 146.818
361.01179189569035 146.818
361.16555913401146 146.818
361.3193348009365 146.818
361.47311893689056 146.818
361.62691158203336 146.818
361.78071277625975 146.818
361.93452255920045 146.818
362.0883409702228 146.818
362.24216804843144 146.818
362.39600383266884 146.818
362.5498483615162 146.818
362.70370167329395 146.818
362.85756380606267 146.818
363.0114347976235 146.818
363.1653146855191 146.818
363.31920350703405 146.818
363.4731012991958 146.818
363.62700809877515 146.818
363.7809239422871 146.818
363.93484886599134 146.818
364.0887829058932 146.818
364.2427260977441 146.818
364.39667847704226 146.818
364.55064007903354 146.818
364.70461093871194 146.818
364.85859109082037 146.818
365.01258056985137 146.818
365.16657941004763 146.818
365.32058764540295 146.818
365.4746053096626 146.818
365.6286324363242 146.818
365.7826690586384 146.818
365.9367152096095 146.818
366.090770921996 146.818
366.2448362283116 146.818
366.3989111608256 146.818
366.5529957515637 146.818
366.70709003230854 146.818
366.86119403460066 146.818
367.0153077897388 146.818
367.1694313287809 146.818
367.32356468254454 146.818
367.47770788160784 146.818
367.6318609563098 146.818
367.7860239367514 146.818
367.94019685279585 146.818
368.0943797340696 146.818
368.2485726099628 146.818
368.4027755096301 146.818
368.55698846199107 146.818
368.7112114957313 146.818
368.8654446393026 146.818
369.0196879209241 146.818
369.17394136858263 146.818
369.3282050100334 146.818
369.4824788728008 146.818
369.636762984179 146.818
369.79105737123245 146.818
369.94536206079704 146.818
370.09967707948016 146.818
370.2540024536617 146.818
370.4083382094947 146.818
370.56268437290584 146.818
370.7170409695964 146.818
370.87140802504257 146.818
371.0257855644964 146.818
371.18017361298627 146.818
371.3345721953176 146.818
371.48898133607355 146.818
371.64340105961566 146.818
371.79783139008447 146.818
371.9522723514002 146.818
372.1067239672635 146.818
372.2611862611559 146.818
372.41565925634063 146.818
372.57014297586323 146.818
372.72463744255214 146.818
372.8791426790195 146.818
373.0336587076616 146.818
373.1881855506597 146.818
373.3427232299806 146.818
373.4972717673774 146.818
373.65183118438995 146.818
373.8064015023457 146.818
373.96098274236016 146.818
374.1155749253377 146.818
374.27017807197217 146.818
374.4247922027475 146.818
374.5794173379383 146.818
374.73405349761066 146.818
374.8887007016226 146.818
375.04335896962493 146.818
375.19802832106166 146.818
375.3527087751708 146.818
375.507400350985 146.818
375.66210306733205 146.818
375.81681694283566 146.818
375.9715419959161 146.818
376.1262782447907 146.818
376.2810257074746 146.818
376.43578440178146 146.818
376.5905543453239 146.818
376.7453355555142 146.818
376.9001280495651 146.818
377.0549318444903 146.818
377.2097469571049 146.818
377.3645734040265 146.818
377.5194112016753 146.818
377.6742603662753 146.818
377.8291209138543 146.818
377.9839928602451 146.818
378.1388762210858 146.818
378.29377101182047 146.818
378.44867724769983 146.818
378.60359494378196 146.818
378.75852411493264 146.818
378.91346477582636 146.818
379.0684169409466 146.818
379.22338062458664 146.818
379.37835584085025 146.818
379.53334260365204 146.818
379.6883409267183 146.818
379.84335082358757 146.818
379.9983723076113 146.818
380.1534053919544 146.818
380.3084500895958 146.818
380.46350641332924 146.818
380.6185743757638 146.818
380.77365398932443 146.818
380.92874526625275 146.818
381.08384821860744 146.818
381.2389628582651 146.818
381.3940891969206 146.818
381.549227246088 146.818
381.70437701710085 146.818
381.859538521113 146.818
382.01471176909916 146.818
382.1698967718555 146.818
382.32509354000024 146.818
382.4803020839742 146.818
382.63552241404165 146.818
382.79075454029055 146.818
382.9459984726335 146.818
383.10125422080813 146.818
383.25652179437776 146.818
383.4118012027321 146.818
383.56709245508756 146.818
383.7223955604882 146.818
383.8777105278062 146.818
384.0330373657423 146.818
384.18837608282666 146.818
384.34372668741935 146.818
384.4990891877108 146.818
384.6544635917226 146.818
384.8098499073081 146.818
384.9652481421528 146.818
385.12065830377514 146.818
385.276080399527 146.818
385.4315144365944 146.818
385.5869604219979 146.818
385.74241836259336 146.818
385.8978882650724 146.818
386.0533701359632 146.818
386.20886398163066 146.818
386.3643698082776 146.818
386.51988762194486 146.818
386.675417428512 146.818
386.83095923369797 146.818
386.9865130430617 146.818
387.1420788620025 146.818
387.2976566957609 146.818
387.453246549419 146.818
387.6088484279013 146.818
387.76446233597494 146.818
387.9200882782506 146.818
388.0757262591829 146.818
388.23137628307103 146.818
388.38703835405937 146.818
388.5427124761379 146.818
388.69839865314304 146.818
388.85409688875797 146.818
389.00980718651334 146.818
389.16552954978783 146.818
389.32126398180867 146.818
389.4770104856522 146.818
389.63276906424466 146.818
389.78853972036234 146.818
389.94432245663256 146.818
390.100117275534 146.818
390.2559241793973 146.818
390.41174317040577 146.818
390.56757425059567 146.818
390.72341742185705 146.818
390.8792726859342 146.818
391.0351400444262 146.818
391.19101949878745 146.818
391.3469110503283 146.818
391.5028147002156 146.818
391.65873044947324 146.818
391.8146582989827 146.818
391.97059824948354 146.818
392.1265503015742 146.818
392.2825144557122 146.818
392.43849071221507 146.818
392.59447907126054 146.818
392.75047953288737 146.818
392.90649209699575 146.818
393.0625167633479 146.818
393.21855353156866 146.818
393.3746024011459 146.818
393.53066337143133 146.818
393.68673644164073 146.818
393.8428216108547 146.818
393.99891887801914 146.818
394.1550282419458 146.818
394.31114970131284 146.818
394.4672832546654 146.818
394.62342890041606 146.818
394.7795866368454 146.818
394.9357564621026 146.818
395.0919383742059 146.818
395.2481323710432 146.818
395.4043384503726 146.818
395.5605566098229 146.818
395.71678684689414 146.818
395.87302915895816 146.818
396.02928354325906 146.818
396.18554999691384 146.818
396.34182851691287 146.818
396.49811910012045 146.818
396.65442174327535 146.818
396.8107364429912 146.818
396.96706319575725 146.818
397.12340199793874 146.818
397.27975284577747 146.818
397.4361157353923 146.818
397.59249066277977 146.818
397.74887762381445 146.818
397.9052766142496 146.818
398.0616876297177 146.818
398.21811066573093 146.818
398.3745457176816 146.818
398.53099278084284 146.818
398.68745185036903 146.818
398.84392292129627 146.818
399.000405988543 146.818
399.15690104691043 146.818
399.31340809108315 146.818
399.4699271156295 146.818
399.62645811500227 146.818
399.783001083539 146.818
399.93955601546264 146.818
400.0961229048821 146.818
400.25270174579265 146.818
400.4092925320764 146.818
400.5658952575029 146.818
400.7225099157297 146.818
400.87913650030265 146.818
401.0357750046566 146.818
401.1924254221159 146.818
401.34908774589474 146.818
401.50576196909776 146.818
401.6624480847206 146.818
401.81914608565035 146.818
401.9758559646659 146.818
402.1325777144388 146.818
402.2893113275334 146.818
402.4460567964075 146.818
402.6028141134129 146.818
402.7595832707957 146.818
402.9163642606971 146.818
403.07315707515363 146.818
403.2299617060977 146.818
403.38677814535816 146.818
403.54360638466073 146.818
403.70044641562856 146.818
403.8572982297826 146.818
404.0141618185422 146.818
404.17103717322567 146.818
404.32792428505047 146.818
404.484823145134 146.818
404.6417337444939 146.818
404.7986560740486 146.818
404.95559012461797 146.818
405.1125358869234 146.818
405.2694933515887 146.818
405.4264625091403 146.818
405.5834433500079 146.818
405.7404358645247 146.818
405.89744004292834 146.818
406.0544558753608 146.818
406.2114833518694 146.818
406.3685224624068 146.818
406.525573196832 146.818
406.6826355449103 146.818
406.8397094963141 146.818
406.99679504062317 146.818
407.15389216732535 146.818
407.3110008658168 146.818
407.46812112540266 146.818
407.6252529352973 146.818
407.7823962846249 146.818
407.93955116242 146.818
408.0967175576278 146.818
408.25389545910485 146.818
408.41108485561915 146.818
408.568285735851 146.818
408.7254980883933 146.818
408.8827219017519 146.818
409.0399571643462 146.818
409.1972038645096 146.818
409.35446199049 146.818
409.51173153045 146.818
409.6690124724677 146.818
409.826304804537 146.818
409.98360851456795 146.818
410.14092359038733 146.818
410.29825001973916 146.818
410.45558779028494 146.818
410.6129368896043 146.818
410.77029730519547 146.818
410.92766902447545 146.818
411.08505203478074 146.818
411.2424463233677 146.818
411.39985187741286 146.818
411.5572686840137 146.818
411.7146967301888 146.818
411.8721360028782 146.818
412.02958648894435 146.818
412.18704817517187 146.818
412.3445210482685 146.818
412.5020050948654 146.818
412.6595003015175 146.818
412.81700665470396 146.818
412.9745241408288 146.818
413.132052746221 146.818
413.28959245713526 146.818
413.4471432597522 146.818
413.6047051401789 146.818
413.7622780844494 146.818
413.9198620785249 146.818
414.0774571082944 146.818
414.23506315957513 146.818
414.39268021811284 146.818
414.55030826958233 146.818
414.70794729958783 146.818
414.8655972936635 146.818
415.0232582372737 146.818
415.18093011581357 146.818
415.3386129146094 146.818
415.4963066189191 146.818
415.65401121393245 146.818
415.8117266847717 146.818
415.969453016492 146.818
416.12719019408166 146.818
416.2849382024627 146.818
416.44269702649115 146.818
416.6004666509576 146.818
416.7582470605877 146.818
416.9160382400421 146.818
417.0738401739175 146.818
417.23165284674667 146.818
417.3894762429988 146.818
417.54731034708027 146.818
417.7051551433347 146.818
417.86301061604354 146.818
418.02087674942646 146.818
418.1787535276418 146.818
418.3366409347868 146.818
418.4945389548981 146.818
418.6524475719523 146.818
418.8103667698661 146.818
418.968296532497 146.818
419.1262368436433 146.818
419.28418768704495 146.818
419.4421490463835 146.818
419.600120905283 146.818
419.75810324730986 146.818
419.9160960559737 146.818
420.07409931472745 146.818
420.23211300696795 146.818
420.39013711603616 146.818
420.5481716252177 146.818
420.7062165177432 146.818
420.86427177678866 146.818
421.0223373854758 146.818
421.18041332687255 146.818
421.33849958399344 146.818
421.4965961397999 146.818
421.6547029772007 146.818
421.8128200790523 146.818
421.97094742815926 146.818
422.1290850072747 146.818
422.2872327991005 146.818
422.4453907862878 146.818
422.60355895143755 146.818
422.7617372771005 146.818
422.91992574577785 146.818
423.0781243399216 146.818
423.23633304193487 146.818
423.3945518341723 146.818
423.5527806989405 146.818
423.7110196184983 146.818
423.86926857505716 146.818
424.0275275507816 146.818
424.18579652778953 146.818
424.3440754881526 146.818
424.50236441389666 146.818
424.660663287002 146.818
424.81897208940387 146.818
424.9772908029927 146.818
425.1356194096145 146.818
425.2939578910714 146.818
425.4523062291217 146.818
425.6106644054805 146.818
425.7690324018201 146.818
425.9274101997699 146.818
426.0857977809174 146.818
426.24419512680817 146.818
426.4026022189462 146.818
426.5610190387944 146.818
426.71944556777504 146.818
426.8778817872698 146.818
427.0363276786204 146.818
427.19478322312887 146.818
427.3532484020578 146.818
427.51172319663084 146.818
427.67020758803307 146.818
427.8287015574112 146.818
427.987205085874 146.818
428.1457181544927 146.818
428.30424074430135 146.818
428.4627728362969 146.818
428.62131441144 146.818
428.7798654506549 146.818
428.93842593483015 146.818
429.09699584481876 146.818
429.25557516143857 146.818
429.4141638654726 146.818
429.57276193766927 146.818
429.7313693587431 146.818
429.88998610937466 146.818
430.0486121702111 146.818
430.20724752186635 146.818
430.3658921449217 146.818
430.52454601992594 146.818
430.68320912739574 146.818
430.84188144781604 146.818
431.00056296164024 146.818
431.1592536492907 146.818
431.31795349115896 146.818
431.4766624676062 146.818
431.6353805589634 146.818
431.79410774553173 146.818
431.952844007583 146.818
432.11158932535983 146.818
432.270343679076 146.818
432.4291070489169 146.818
432.58787941503965 146.818
432.7466607575737 146.818
432.90545105662085 146.818
433.0642502922558 146.818
433.2230584445263 146.818
433.3818754934537 146.818
433.540701419033 146.818
433.69953620123323 146.818
433.85837981999805 146.818
434.0172322552457 146.818
434.1760934868695 146.818
434.3349634947381 146.818
434.49384225869585 146.818
434.6527297585631 146.818
434.8116259741365 146.818
434.97053088518925 146.818
435.1294444714715 146.818
435.28836671271074 146.818
435.4472975886118 146.818
435.6062370788575 146.818
435.76518516310875 146.818
435.924141821005 146.818
436.0831070321643 146.818
436.242080776184 146.818
436.40106303264065 146.818
436.5600537810906 146.818
436.71905300107 146.818
436.87806067209544 146.818
437.03707677366407 146.818
437.1961012852539 146.818
437.3551341863241 146.818
437.5141754563153 146.818
437.6732250746499 146.818
437.83228302073246 146.818
437.9913492739498 146.818
438.1504238136714 146.818
438.30950661924976 146.818
438.46859767002053 146.818
438.6276969453029 146.818
438.7868044243999 146.818
438.9459200865988 146.818
439.105043911171 146.818
439.2641758773728 146.818
439.4233159644454 146.818
439.5824641516152 146.818
439.7416204180943 146.818
439.9007847430805 146.818
440.05995710575775 146.818
440.21913748529636 146.818
440.37832586085335 146.818
440.5375222115727 146.818
440.6967265165856 146.818
440.8559387550108 146.818
441.0151589059548 146.818
441.1743869485122 146.818
441.33362286176595 146.818
441.49286662478755 146.818
441.6521182166375 146.818
441.8113776163654 146.818
441.9706448030103 146.818
442.12991975560107 146.818
442.28920245315635 146.818
442.4484928746852 146.818
442.60779099918716 146.818
442.7670968056526 146.818
442.9264102730629 146.818
443.08573138039077 146.818
443.2450601066005 146.818
443.40439643064826 146.818
443.5637403314824 146.818
443.7230917880436 146.818
443.8824507792651 146.818
444.0418172840733 146.818
444.20119128138754 146.818
444.36057275012064 146.818
444.51996166917917 146.818
444.6793580174636 146.818
444.8387617738686 146.818
444.9981729172834 146.818
445.1575914265918 146.818
445.3170172806727 146.818
445.4764504584001 146.818
445.6358909386436 146.818
445.7953387002685 146.818
445.95479372213595 146.818
446.11425598310353 146.818
446.27372546202525 146.818
446.4332021377517 146.818
446.5926859891307 146.818
446.75217699500706 146.818
446.9116751342232 146.818
447.07118038561913 146.818
447.23069272803303 146.818
447.3902121403011 146.818
447.54973860125807 146.818
447.70927208973734 146.818
447.8688125845712 146.818
448.02836006459114 146.818
448.1879145086281 146.818
448.3474758955127 146.818
448.5070442040752 146.818
448.66661941314635 146.818
448.826201501557 146.818
448.98579044813874 146.818
449.1453862317238 146.818
449.30498883114575 146.818
449.4645982252392 146.818
449.6242143928403 146.818
449.7838373127872 146.818
449.94346696391983 146.818
450.1031033250804 146.818
450.26274637511347 146.818
450.4223960928664 146.818
450.5820524571894 146.818
450.74171544693576 146.818
450.9013850409622 146.818
451.061061218129 146.818
451.22074395730016 146.818
451.38043323734377 146.818
451.5401290371321 146.818
451.69983133554194 146.818
451.8595401114548 146.818
452.019255343757 146.818
452.17897701133995 146.818
452.33870509310054 146.818
452.49843956794115 146.818
452.65818041476984 146.818
452.8179276125008 146.818
452.9776811400543 146.818
453.13744097635714 146.818
453.29720710034263 146.818
453.45697949095097 146.818
453.6167581271294 146.818
453.77654298783244 146.818
453.93633405202206 146.818
454.0961312986679 146.818
454.2559347067475 146.818
454.4157442552464 146.818
454.57555992315855 146.818
454.73538168948636 146.818
454.895209533241 146.818
455.05504343344234 146.818
455.21488336911966 146.818
455.3747293193113 146.818
455.53458126306526 146.818
455.6944391794392 146.818
455.8543030475007 146.818
456.0141728463275 146.818
456.1740485550075 146.818
456.3339301526393 146.818
456.4938176183321 146.818
456.653710931206 146.818
456.8136100703922 146.818
456.97351501503323 146.818
457.133425744283 146.818
457.2933422373072 146.818
457.4532644732833 146.818
457.61319243140093 146.818
457.77312609086187 146.818
457.9330654308803 146.818
458.0930104306831 146.818
458.2529610695099 146.818
458.41291732661347 146.818
458.57287918125957 146.818
458.73284661272737 146.818
458.8928196003097 146.818
459.0527981233129 146.818
459.2127821610575 146.818
459.37277169287785 146.818
459.5327666981228 146.818