0.9904632690575672 0.0
0.9903112360285303 0.0
0.9901574161931039 0.0
0.9900017963593888 0.0
0.9898443633076529 0.0
0.9896851037907962 0.0
0.9895240045348208 0.0
0.989361052239305 0.0
0.9891962335778834 0.0
0.9890295351987302 0.0
0.9888609437250487 0.0
0.9886904457555653 0.0
0.9885180278650272 0.0
0.9883436766047068 0.0
0.9881673785029094 0.0
0.9879891200654866 0.0
0.9878088877763544 0.0
0.987626668098016 0.0
0.98744244747209 0.0
0.9872562123198424 0.0
0.9870679490427255 0.0
0.9868776440229196 0.0
0.9866852836238806 0.0
0.9864908541908936 0.0
0.9862943420516289 0.0
0.489147367544467 0.0
0.4881146142946648 0.0
0.4870802528901311 0.0
0.4860443226576404 0.0
0.4850068598958704 0.0
0.4839678980881187 0.0
0.48292746810009357 0.0
0.4818855983638195 0.0
0.4808423150486398 0.0
0.4797976422202164 0.0
0.47875160198837835 0.0
0.4777042146445929 0.0
0.4766554987897991 0.0
0.47560547145327314 0.0
0.47455414820315944 0.0
0.4735015432492507 0.0
0.4724476695385646 0.0
0.4713925388442169 0.0
0.4703361618480713 0.0
0.4692785482175903 0.0
0.46821970667730695 0.0
0.46715964507528807 0.0
0.46609837044493885 0.0
0.46503588906248255 0.0
0.4639722065004128 0.0
0.462907327677205 0.0
0.46184125690354655 0.0
0.4607739927382683 0.0
0.4597055393794951 0.0
0.45863590046362157 0.0
0.45756507910507016 0.0
0.4564930779332848 0.0
0.4554198991271357 0.0
0.454345544446919 0.0
0.4532700152641199 0.0
0.45219331258909473 0.0
0.4511154370968208 0.0
0.450036389150846 0.0
0.44895616882556805 0.0
0.4478747759269566 0.0
0.4467922100118319 0.0
0.4457084704057973 0.0
0.44462355621992106 0.0
0.44353746636625924 0.0
0.44245019957229303 0.0
0.4413617543943643 0.0
0.4402721292301745 0.0
0.4391813223304151 0.0
0.43808933180959037 0.0
0.43699615565608924 0.0
0.43590179174155447 0.0
0.4348062378296081 0.0
0.4337095114061257 0.0
0.43261160731597165 0.0
0.43151252055149003 0.0
0.4304122462428527 0.0
0.42931077964910574 0.0
0.42820811614984955 0.0
0.42710425123751095 0.0
0.4259991805101616 0.0
0.4248928996648491 0.0
0.4237854044913993 0.0
0.4226766908666627 0.0
0.42156675474917127 0.0
0.4204555921741729 0.0
0.4193431992490262 0.0
0.4182295721489197 0.0
0.41711470711290227 0.0
0.41599860044019715 0.0
0.41488124848677793 0.0
0.41376264766219806 0.0
0.4126427944266427 0.0
0.41152168528819805 0.0
0.41039931680031805 0.0
0.40927568555947347 0.0
0.40815078820297535 0.0
0.4070246214069551 0.0
0.4058971879916851 0.0
0.4047684834933943 0.0
0.40363850360222914 0.0
0.4025072441524454 0.0
0.4013747011132978 0.0
0.40024087058057894 0.0
0.39910574876875493 0.0
0.397969332003661 0.0
0.39683161671571265 0.0
0.39569259943360274 0.0
0.3945522767784431 0.0
0.3934106454583261 0.0
0.3922677022632716 0.0
0.39112344406053706 0.0
0.38997786779026133 0.0
0.38883097046141907 0.0
0.3876827491480686 0.0
0.3865332009858667 0.0
0.38538232316883564 0.0
0.38423011294636145 0.0
0.38307656762041253 0.0
0.3819216845429586 0.0
0.38076546111357334 0.0
0.3796078947772193 0.0
0.37844898302219 0.0
0.3772887152412245 0.0
0.37612708941918616 0.0
0.3749641035768687 0.0
0.37379975576971475 0.0
0.37263404408662654 0.0
0.3714669666488767 0.0
0.37029852160909493 0.0
0.3691287071503396 0.0
0.3679575214852379 0.0
0.3667849628551957 0.0
0.36561102952967117 0.0
0.36443571980550543 0.0
0.3632590320063103 0.0
0.36208096448190646 0.0
0.3609015156078083 0.0
0.35972068378475297 0.0
0.3585384674382744 0.0
0.35735486501831015 0.0
0.35616987499885006 0.0
0.35498349587761513 0.0
0.35379572617576777 0.0
0.3526065644376543 0.0
0.3514160092305707 0.0
0.35022405914455773 0.0
0.3490307127922173 0.0
0.3478359514535368 0.0
0.3466397751813787 0.0
0.34544218397752663 0.0
0.34424317779778996 0.0
0.34304275655675437 0.0
0.34184092013221345 0.0
0.34063766836930276 0.0
0.33943300108435204 0.0
0.33822691806848043 0.0
0.33701941909095395 0.0
0.33581050390231654 0.0
0.3346001722373149 0.0
0.3333884238176334 0.0
0.3321752583544427 0.0
0.3309606755507931 0.0
0.3297446751038415 0.0
0.32852725670694455 0.0
0.32730842005161204 0.0
0.3260881648293419 0.0
0.32486649073333534 0.0
0.3236433974601084 0.0
0.32241888471100527 0.0
0.3211929521936156 0.0
0.3199655996231124 0.0
0.31873682672350445 0.0
0.3175066095665702 0.0
0.31627494989898963 0.0
0.3150418493647735 0.0
0.3138073095143686 0.0
0.3125713318131488 0.0
0.31133391764931606 0.0
0.3100950683412739 0.0
0.30885478514449627 0.0
0.3076130692579332 0.0
0.30636992182998996 0.0
0.3051253439640956 0.0
0.3038793367239097 0.0
0.3026319011381741 0.0
0.3013830382052459 0.0
0.30013274889733416 0.0
0.2988810341644514 0.0
0.2976278949381121 0.0
0.2963733321347888 0.0
0.29511734665914646 0.0
0.29385993940706595 0.0
0.2926011112684789 0.0
0.29134086313001856 0.0
0.290079195877511 0.0
0.2888161103983039 0.0
0.2875516075834559 0.0
0.2862856591223212 0.0
0.2850182684385275 0.0
0.2837494388153547 0.0
0.28247917340801126 0.0
0.28120747525506856 0.0
0.2799343472891119 0.0
0.2786597923466713 0.0
0.27738381317747773 0.0
0.27610641245309486 0.0
0.27482759277496616 0.0
0.27354735668192237 0.0
0.2722657066571879 0.0
0.2709826451349137 0.0
0.2696981745062815 0.0
0.26841229712519654 0.0
0.2671250153136121 0.0
0.2658363313664964 0.0
0.2645462475564799 0.0
0.2632547661381965 0.0
0.2619618893526206 0.0
0.26066761943140926 0.0
0.2593719585985105 0.0
0.2580749090746294 0.0
0.25677647308034873 0.0
0.25547665283905335 0.0
0.25417541568198065 0.0
0.2528727669177371 0.0
0.25156871167737377 0.0
0.2502632549298892 0.0
0.24895640149667025 0.0
0.2476481560649458 0.0
0.24633852320032082 0.0
0.24502750735846213 0.0
0.24371511289598946 0.0
0.24240134408062755 0.0
0.24108620510067594 0.0
0.23976970007383622 0.0
0.23845183305544823 0.0
0.23713260804617473 0.0
0.23581202899917164 0.0
0.23449009982678135 0.0
0.23316682440677922 0.0
0.23184220658821109 0.0
0.23051625019684246 0.0
0.22918895904025363 0.0
0.22786033691259833 0.0
0.22653038759905647 0.0
0.2251991148799961 0.0
0.22386652253486905 0.0
0.22253261434585844 0.0
0.22119735328856105 0.0
0.2198607468323119 0.0
0.21852280222820994 0.0
0.21718352652811637 0.0
0.21584292660235208 0.0
0.2145010091561719 0.0
0.21315778074511857 0.0
0.2118132477893248 0.0
0.2104674165868369 0.0
0.2091202933260346 0.0
0.20777188409720054 0.0
0.20642219490331135 0.0
0.20507123167008812 0.0
0.20371900025537518 0.0
0.20236550645788193 0.0
0.20101075602533386 0.0
0.1996547546620819 0.0
0.1982975080361968 0.0
0.19693902178608821 0.0
0.19557930152668995 0.0
0.19421835285522657 0.0
0.19285618135660132 0.0
0.1914927926084297 0.0
0.19012819218573834 0.0
0.1887623856653607 0.0
0.18739533190349605 0.0
0.18602704078295687 0.0
0.18465752192490995 0.0
0.18328678471151202 0.0
0.18191483830697588 0.0
0.18054169167719172 0.0
0.17916735360799274 0.0
0.1777918327221683 0.0
0.17641513749530574 0.0
0.17503727627054755 0.0
0.17365825727233347 0.0
0.1722780886192075 0.0
0.1708967783357404 0.0
0.1695143343636459 0.0
0.16813076457213322 0.0
0.1667460757120616 0.0
0.16536027664292097 0.0
0.1639733750677685 0.0
0.16258537865226247 0.0
0.16119629503192637 0.0
0.15980613181892075 0.0
0.1584148966083635 0.0
0.15702259698422144 0.0
0.1556292405248036 0.0
0.15423483480789105 0.0
0.15283933501598893 0.0
0.15144275363534315 0.0
0.15004510284633155 0.0
0.14864639454965461 0.0
0.14724664039071972 0.0
0.14584585178233123 0.0
0.14444403992581314 0.0
0.14304121583067164 0.0
0.14163739033289527 0.0
0.14023257411199325 0.0
0.1388267777068568 0.0
0.1374200115305223 0.0
0.13601228588392056 0.0
0.13460361096867307 0.0
0.13319399689901018 0.0
0.1317834537128636 0.0
0.1303719913822005 0.0
0.12895961982263895 0.0
0.12754634890241162 0.0
0.12613218845069915 0.0
0.12471714826540832 0.0
0.1233012381203994 0.0
0.12188446777222692 0.0
0.12046684696641248 0.0
0.11904838544329324 0.0
0.1176290352748729 0.0
0.11620881167173092 0.0
0.11478772949442308 0.0
0.11336580328304327 0.0
0.11194304728472924 0.0
0.11051947547925334 0.0
0.10909510160283861 0.0
0.10766993917030879 0.0
0.10624400151831111 0.0
0.10481730175521296 0.0
0.10338985284979627 0.0
0.10196166762368201 0.0
0.10053275876677367 0.0
0.09910313885163392 0.0
0.09767282034685151 0.0
0.09624181562948038 0.0
0.09481013699661203 0.0
0.09337779667614172 0.0
0.09194480683678063 0.0
0.09051117959736839 0.0
0.08907692703553782 0.0
0.08764206119577352 0.0
0.08620659409690347 0.0
0.084770537739064 0.0
0.08333390411018286 0.0
0.08189664273117292 0.0
0.0804587715701342 0.0
0.07902030820172186 0.0
0.07758126983976958 0.0
0.07614167336763486 0.0
0.07470153536642067 0.0
0.07326087214122824 0.0
0.0718196997455634 0.0
0.07037803400404524 0.0
0.06893589053351229 0.0
0.06749328476265602 0.0
0.06605023195027387 0.0
0.06460674720224065 0.0
0.06316284548728508 0.0
0.0617185416516596 0.0
0.06027385043276985 0.0
0.05882878647185175 0.0
0.05738336432574267 0.0
0.05593759847782587 0.0
0.05449150334819698 0.0
0.05304509330310547 0.0
0.051598382663729625 0.0
0.050151385714318666 0.0
0.048704116709754885 0.0
0.04725658988257463 0.0
0.04580875268955213 0.0
0.04436062579654725 0.0
0.04291222943279215 0.0
0.04146358342625141 0.0
0.040014707236493405 0.0
0.038565619985257274 0.0
0.037116340484865964 0.0
0.03566688726464031 0.0
0.03421727859545039 0.0
0.03276753251253473 0.0
0.0313176668367067 0.0
0.02986769919405902 0.0
0.028417647034276704 0.0
0.026967527647640013 0.0
0.02551735818083188 0.0
0.024067155651604544 0.0
0.022616936962408463 0.0
0.021166718913043225 0.0
0.01971651821239563 0.0
0.018266351489340003 0.0
0.01681623530284321 0.0
0.015366186151344701 0.0
0.01391622048144855 0.0
0.012466354695983258 0.0
0.01101660516146938 0.0
0.009566917635492642 0.0
0.008117315313505534 0.0
0.006667820910648402 0.0
0.005218456699516418 0.0
0.00376924454526569 0.0
0.0023202059382401215 0.0
0.0008713620242887545 0.0
-0.0005772579684801826 0.0
-0.002025555362120013 0.0
-0.003473491232878212 0.0
-0.004921046121205697 0.0
-0.006368200806092128 0.0
-0.007814936285394314 0.0
-0.009261233757572596 0.0
-0.010707074604724198 0.0
-0.01215244037683183 0.0
-0.013597312777140713 0.0
-0.015041673648584553 0.0
-0.01648550496119383 0.0
-0.017928788800404938 0.0
-0.019371507356222395 0.0
-0.020813642913167785 0.0
-0.022255177840958762 0.0
-0.023696094585875294 0.0
-0.025136375662757393 0.0
-0.02657607749418278 0.0
-0.02801517544907295 0.0
-0.029453645436382292 0.0
-0.030891463864914925 0.0
-0.03232860760597034 0.0
-0.03376505395863694 0.0
-0.03520078061753318 0.0
-0.0366357656428451 0.0
-0.038069987432482355 0.0
-0.0395034246962116 0.0
-0.04093605643164211 0.0
-0.04236786190190989 0.0
-0.04379882061496576 0.0
-0.04522891230434123 0.0
-0.046658116911297176 0.0
-0.04808641456825713 0.0
-0.04951378558342867 0.0
-0.05094021042654573 0.0
-0.052365669715641605 0.0
-0.053790144204782786 0.0
-0.0552136147727027 0.0
-0.05663606241226349 0.0
-0.058057468220704234 0.0
-0.05947781339059843 0.0
-0.0608970792014949 0.0
-0.06231532365982817 0.0
-0.0637325206197017 0.0
-0.06514864451600033 0.0
-0.06656367032235777 0.0
-0.06797757351209377 0.0
-0.06939033002192674 0.0
-0.07080191621825294 0.0
-0.0722123088658273 0.0
-0.07362148509867983 0.0
-0.07502942239309562 0.0
-0.07643609854253208 0.0
-0.07784149163433196 0.0
-0.07924558002810422 0.0
-0.0806483423356632 0.0
-0.08204975740241349 0.0
-0.08344980429007709 0.0
-0.08484846226068155 0.0
-0.08624571076170273 0.0
-0.08764152941230186 0.0
-0.08903589799056721 0.0
-0.09042879642169344 0.0
-0.09182020476703845 0.0
-0.09321010321399226 0.0
-0.0945984720665991 0.0
-0.09598529173689019 0.0
-0.0973706217817969 0.0
-0.09875443495700842 0.0
-0.10013670463936286 0.0
-0.1015174047832128 0.0
-0.10289650987989307 0.0
-0.1042739949200584 0.0
-0.10564983535871342 0.0
-0.1070240070827233 0.0
-0.10839648638065569 0.0
-0.10976724991476638 0.0
-0.11113627469500575 0.0
-0.112503538054884 0.0
-0.11386901762908086 0.0
-0.11523269133266711 0.0
-0.11659453734182867 0.0
-0.11795453407599998 0.0
-0.11931266018128794 0.0
-0.12066889451511376 0.0
-0.12202321613198275 0.0
-0.12337560427029981 0.0
-0.12472603834016271 0.0
-0.1260744979120627 0.0
-0.12742096270643333 0.0
-0.1287654125839761 0.0
-0.13010782753673333 0.0
-0.1314482687406373 0.0
-0.13278670834629258 0.0
-0.13412311916530228 0.0
-0.13545747462526658 0.0
-0.13678974872798566 0.0
-0.1381199160106239 0.0
-0.13944795150966027 0.0
-0.14077383072739713 0.0
-0.1420975296008744 0.0
-0.1434190244730087 0.0
-0.14473829206580868 0.0
-0.14605530945551437 0.0
-0.14737005404953707 0.0
-0.1486825035650614 0.0
-0.1499926360092083 0.0
-0.15130042966063884 0.0
-0.15260586305249846 0.0
-0.15390891495662173 0.0
-0.15520956436889022 0.0
-0.15650779049567998 0.0
-0.15780357274131385 0.0
-0.15909689069644606 0.0
-0.16038772412733038 0.0
-0.16167605296588428 0.0
-0.16296185730051782 0.0
-0.16424520008016574 0.0
-0.16552605340963034 0.0
-0.16680439009361936 0.0
-0.1680801835905812 0.0
-0.1693534079698198 0.0
-0.17062403787167368 0.0
-0.17189204847052908 0.0
-0.17315741544047936 0.0
-0.17442011492344633 0.0
-0.17568012349958706 0.0
-0.17693741815982889 0.0
-0.17819197628038452 0.0
-0.17944377559910918 0.0
-0.18069279419357254 0.0
-0.18193901046072036 0.0
-0.18318240309802092 0.0
-0.18442295108599427 0.0
-0.18566063367201613 0.0
-0.18689543035532163 0.0
-0.1881273208731158 0.0
-0.18935628518772285 0.0
-0.19058230347468252 0.0
-0.1918053561117572 0.0
-0.1930254236687554 0.0
-0.1942424868981376 0.0
-0.19545661073903808 0.0
-0.19666776785808415 0.0
-0.1978759316590315 0.0
-0.19908107623562143 0.0
-0.20028317632778703 0.0
-0.2014822072809821 0.0
-0.20267814500841297 0.0
-0.20387096595596899 0.0
-0.20506064706966565 0.0
-0.2062471657654248 0.0
-0.20743049990102236 0.0
-0.20861062775006411 0.0
-0.2097875279778365 0.0
-0.2109611796189086 0.0
-0.21213156205635975 0.0
-0.2132986550025182 0.0
-0.2144624384811078 0.0
-0.21562289281070668 0.0
-0.216779998589419 0.0
-0.21793373668067662 0.0
-0.2190840882001015 0.0
-0.22023103450334203 0.0
-0.22137455717481735 0.0
-0.22251463801731375 0.0
-0.22365125904236982 0.0
-0.2247844874312419 0.0
-0.22591429704429644 0.0
-0.22704066251355637 0.0
-0.22816355919474374 0.0
-0.22928296312272978 0.0
-0.2303988509701551 0.0
-0.23151120000900383 0.0
-0.23261998807492046 0.0
-0.2337251935340725 0.0
-0.2348267952523979 0.0
-0.23592477256704836 0.0
-0.237019105259894 0.0
-0.2381097735329316 0.0
-0.2391967579854759 0.0
-0.2402800395929925 0.0
-0.24135959968747445 0.0
-0.2424354199392451 0.0
-0.2435074823400898 0.0
-0.24457576918761892 0.0
-0.24564026307078457 0.0
-0.2467009468564627 0.0
-0.24775780367703115 0.0
-0.2488108169188641 0.0
-0.24985997021169837 0.0
-0.2509052474187796 0.0
-0.2519467182154189 0.0
-0.25298435828229504 0.0
-0.2540181441023128 0.0
-0.25504805291198385 0.0
-0.25607406265626254 0.0
-0.2570961519465942 0.0
-0.258114300021941 0.0
-0.2591284867125936 0.0
-0.2601386924065472 0.0
-0.2611448980182991 0.0
-0.2621470849598597 0.0
-0.2631452351138517 0.0
-0.26413933080853824 0.0
-0.2651293547946372 0.0
-0.26611529022381775 0.0
-0.2670971206287396 0.0
-0.2680748299045399 0.0
-0.26904840229166416 0.0
-0.27001782235993765 0.0
-0.27098307499380403 0.0
-0.2719441453786404 0.0
-0.27290101898807406 0.0
-0.27385368157223433 0.0
-0.2748021191468657 0.0
-0.27574631798325266 0.0
-0.2766863504628003 0.0
-0.27762219467429294 0.0
-0.2785538295339052 0.0
-0.27948123473608266 0.0
-0.2804043907079161 0.0
-0.281323278566731 0.0
-0.28223788008069484 0.0
-0.28314817763221556 0.0
-0.28405415418394186 0.0
-0.2849557932471769 0.0
-0.2858530788525435 0.0
-0.2867459955227394 0.0
-0.28763452824723323 0.0
-0.28851866245876945 0.0
-0.2893983840115575 0.0
-0.29027367916101166 0.0
-0.2911445345449568 0.0
-0.29201093716617543 0.0
-0.2928728743762097 0.0
-0.2937303338603383 0.0
-0.29458330362362917 0.0
-0.2954317719780062 0.0
-0.29627572753024856 0.0
-0.2971151591708652 0.0
-0.29795005606377445 0.0
-0.29878049342574675 0.0
-0.29960645226823734 0.0
-0.30042791444835015 0.0
-0.30124486261939754 0.0
-0.3020572801849464 0.0
-0.30286515125611113 0.0
-0.30366846061185404 0.0
-0.3044671936620975 0.0
-0.3052613364134362 0.0
-0.30605087543728327 0.0
-0.30683579784025383 0.0
-0.3076160912366639 0.0
-0.3083917437229591 0.0
-0.3091627438539666 0.0
-0.3099290806208277 0.0
-0.3106907434304935 0.0
-0.3114477220866756 0.0
-0.3122000067721551 0.0
-0.31294758803234357 0.0
-0.3136904567600125 0.0
-0.3144286041811124 0.0
-0.31516202184160025 0.0
-0.31589070159519994 0.0
-0.31661463559204805 0.0
-0.31733381626813273 0.0
-0.31804832167929575 0.0
-0.3187581361691536 0.0
-0.31946324493687994 0.0
-0.3201636339876246 0.0
-0.3208592900864291 0.0
-0.32155020071536855 0.0
-0.3222363540337132 0.0
-0.3229177388408808 0.0
-0.32359434454200064 0.0
-0.3242661611158899 0.0
-0.3249331790852801 0.0
-0.3255953894891406 0.0
-0.32625278385693735 0.0
-0.326905354184708 0.0
-0.32755309291281054 0.0
-0.32819599290523804 0.0
-0.3288340474303788 0.0
-0.32946725014313727 0.0
-0.33009559506829267 0.0
-0.3307190765850425 0.0
-0.3313376894126101 0.0
-0.3319514285968712 0.0
-0.33256028949791694 0.0
-0.3331642677784743 0.0
-0.33376335939314705 0.0
-0.33435764507539667 0.0
-0.3349471127799768 0.0
-0.3355317513174463 0.0
-0.3361115503047061 0.0
-0.33668650011898804 0.0
-0.3372565918550652 0.0
-0.3378218172854546 0.0
-0.3383821688233908 0.0
-0.33893763948839584 0.0
-0.3394882228742464 0.0
-0.34003391311917475 0.0
-0.340574704878146 0.0
-0.3411105932970735 0.0
-0.3416415739888128 0.0
-0.3421676430108418 0.0
-0.3426887968444785 0.0
-0.34320503237554956 0.0
-0.3437163468763844 0.0
-0.3442227379890739 0.0
-0.34472420370986545 0.0
-0.34522074237464784 0.0
-0.3457123526454322 0.0
-0.3461990334977523 0.0
-0.34668078420894166 0.0
-0.3471576043472 0.0
-0.347629576962565 0.0
-0.3480966937537753 0.0
-0.34855894726491465 0.0
-0.34901633083634165 0.0
-0.3494688385590521 0.0
-0.3499164652322111 0.0
-0.35035920632363515 0.0
-0.3507970579330235 0.0
-0.3512300167577411 0.0
-0.3516580800609719 0.0
-0.3520812456420832 0.0
-0.3524995118090273 0.0
-0.35291287735266463 0.0
-0.3533213415228489 0.0
-0.3537249040061572 0.0
-0.35412356490515684 0.0
-0.35451732471909336 0.0
-0.35490618432589205 0.0
-0.3552901449654011 0.0
-0.35566920822376824 0.0
-0.3560433760188775 0.0
-0.35641265058678084 0.0
-0.35677703446903486 0.0
-0.35713653050089356 0.0
-0.35749114180029684 0.0
-0.3578409531434332 0.0
-0.35818595995664215 0.0
-0.35852615848953984 0.0
-0.35886154576674834 0.0
-0.35919211954297503 0.0
-0.3595178782612103 0.0
-0.35983882101380993 0.0
-0.36015494750627486 0.0
-0.36046625802351806 0.0
-0.3607727533984788 0.0
-0.3610744349828714 0.0
-0.36137130461995937 0.0
-0.36166336461919757 0.0
-0.36195061773259174 0.0
-0.362233067132691 0.0
-0.36251071639206955 0.0
-0.36278356946420676 0.0
-0.36305163066565105 0.0
-0.36331490465940575 0.0
-0.3635733964394161 0.0
-0.3638271113161051 0.0
-0.3640760549028781 0.0
-0.3643202331035127 0.0
-0.36455965210039554 0.0
-0.3647943183435318 0.0
-0.3650243174857821 0.0
-0.36524964852631037 0.0
-0.3654703112530586 0.0
-0.3656863061957727 0.0
-0.36589763458228486 0.0
-0.3661042982978011 0.0
-0.3663062998470046 0.0
-0.36650364231875887 0.0
-0.36669632935324636 0.0
-0.3668843651113527 0.0
-0.367067754246144 0.0
-0.36724650187630203 0.0
-0.3674206135613567 0.0
-0.3675900952786153 0.0
-0.36775495340164155 0.0
-0.3679151946801984 0.0
-0.36807082622153975 0.0
-0.36822185547295194 0.0
-0.36836829020547657 0.0
-0.36851013849870085 0.0
-0.368647408726571 0.0
-0.3687801095441323 0.0
-0.36890824987514637 0.0
-0.3690318389005167 0.0
-0.36915088604746504 0.0
-0.3692654766960599 0.0
-0.3693756131506005 0.0
-0.36948129845610955 0.0
-0.36958253635331983 0.0
-0.3696793312367739 0.0
-0.3697716881158031 0.0
-0.36985961257818856 0.0
-0.3699431107563109 0.0
-0.37002218929562325 0.0
-0.37009685532527437 0.0
-0.3701671164307292 0.0
-0.37023298062825916 0.0
-0.37029445634115343 0.0
-0.3703515523775427 0.0
-0.37040427790971764 0.0
-0.3704526424548351 0.0
-0.37049665585691205 0.0
-0.37053632827003136 0.0
-0.370571670142648 0.0
-0.37060269220294395 0.0
-0.37062940544513867 0.0
-0.3706518211167027 0.0
-0.3706699507063964 0.0
-0.3706838059330939 0.0
-0.37069339873531093 0.0
-0.3706988126948536 0.0
-0.37070005308134824 0.0
-0.3706971258414298 0.0
-0.3706900375566162 0.0
-0.37067879540409043 0.0
-0.37066340712016177 0.0
-0.37064388096624423 0.0
-0.3706202256971547 0.0
-0.37059245053157897 0.0
-0.3705605651245414 0.0
-0.3705245795417522 0.0
-0.370484504235689 0.0
-0.370440350023292 0.0
-0.3703921280651623 0.0
-0.37033984984615853 0.0
-0.37028352715728596 0.0
-0.37022317207879385 0.0
-0.3701587969643949 0.0
-0.3700904144265291 0.0
-0.37001803732258765 0.0
-0.36994167874204686 0.0
-0.36986135199443204 0.0
-0.3697770705980694 0.0
-0.36968884826954507 0.0
-0.36959669891385727 0.0
-0.36950070225166676 0.0
-0.36940086616513224 0.0
-0.3692971991297169 0.0
-0.3691897101763024 0.0
-0.3690784088558827 0.0
-0.3689633052066943 0.0
-0.3688444097235881 0.0
-0.3687217333294921 0.0
-0.36859528734881386 0.0
-0.36846508348265505 0.0
-0.3683311337856989 0.0
-0.3681934506446616 0.0
-0.36805204675818626 0.0
-0.3679069351181017 0.0
-0.3677581289919203 0.0
-0.3676056419065008 0.0
-0.36744948763280605 0.0
-0.36728968017165897 0.0
-0.3671262337404364 0.0
-0.3669591627606299 0.0
-0.36678848184622637 0.0
-0.3666142057928268 0.0
-0.36643634956747495 0.0
-0.366254928299131 0.0
-0.36606995726975167 0.0
-0.3658815093754524 0.0
-0.365689594834101 0.0
-0.3654942243439441 0.0
-0.3652954090520404 0.0
-0.3650931605248642 0.0
-0.3648874907209039 0.0
-0.3646784119651463 0.0
-0.3644659369252732 0.0
-0.36425007858949887 0.0
-0.3640308502458809 0.0
-0.3638082654630457 0.0
-0.36358233807219986 0.0
-0.36335308215034656 0.0
-0.363120512004631 0.0
-0.36288464215771143 0.0
-0.3626454873341143 0.0
-0.36240306244748344 0.0
-0.3621573825886615 0.0
-0.3619084630145555 0.0
-0.36165631913772067 0.0
-0.36140096651662357 0.0
-0.3611424208465266 0.0
-0.36088069795094846 0.0
-0.3606158137736786 0.0
-0.3603477843712808 0.0
-0.3600766710792862 0.0
-0.3598024864070004 0.0
-0.35952524318139645 0.0
-0.3592449545255436 0.0
-0.3589616338385133 0.0
-0.3586752947766463 0.0
-0.35838595123607675 0.0
-0.35809361733644307 0.0
-0.3577983074056794 0.0
-0.3575000359658378 0.0
-0.35719881771983975 0.0
-0.35689466753912025 0.0
-0.3565876004520787 0.0
-0.35627763163329096 0.0
-0.3559647763934344 0.0
-0.35564905016985415 0.0
-0.35533046851776073 0.0
-0.3550090471019738 0.0
-0.3546848016892128 0.0
-0.35435774814085663 0.0
-0.35402790240618587 0.0
-0.3536952805160276 0.0
-0.3533598985768065 0.0
-0.35302177276496005 0.0
-0.35268091932169243 0.0
-0.3523373791634068 0.0
-0.3519911676336347 0.0
-0.35164230013099296 0.0
-0.35129079210494973 0.0
-0.35093665905183813 0.0
-0.3505799165111172 0.0
-0.3502205800618272 0.0
-0.34985866531926746 0.0
-0.3494941879318547 0.0
-0.3491271635781463 0.0
-0.34875760796404753 0.0
-0.34838553682014894 0.0
-0.3480109658992203 0.0
-0.34763391097382557 0.0
-0.34725438783406726 0.0
-0.3468724122854485 0.0
-0.3464880001468247 0.0
-0.3461011672484746 0.0
-0.34571192943025464 0.0
-0.3453203025398395 0.0
-0.3449263024310423 0.0
-0.3445299449622128 0.0
-0.3441312459947099 0.0
-0.34373022139143017 0.0
-0.34332688701540626 0.0
-0.34292124264199053 0.0
-0.3425133086743306 0.0
-0.3421031050629473 0.0
-0.34169065133657295 0.0
-0.3412759666308014 0.0
-0.34085906971465096 0.0
-0.34043997901523415 0.0
-0.34001871264063 0.0
-0.33959528840111175 0.0
-0.33916972382884225 0.0
-0.3387420361961273 0.0
-0.33831224253235725 0.0
-0.3378803596397091 0.0
-0.33744640410770943 0.0
-0.33701039232672314 0.0
-0.33657234050046814 0.0
-0.3361322646576028 0.0
-0.3356901806624639 0.0
-0.335246104225017 0.0
-0.3348000509100595 0.0
-0.3343520361457559 0.0
-0.3339020752315278 0.0
-0.3334501833453569 0.0
-0.3329963755505436 0.0
-0.33254066680195704 0.0
-0.3320829459425214 0.0
-0.3316232475591432 0.0
-0.3311616044377179 0.0
-0.3306980476893797 0.0
-0.33023260686780054 0.0
-0.329765310078167 0.0
-0.3292961840784172 0.0
-0.32882525437330634 0.0
-0.3283525453017724 0.0
-0.3278780801181209 0.0
-0.3274018810674235 0.0
-0.32692396945557833 0.0
-0.3264443657143741 0.0
-0.3259630894619423 0.0
-0.3254801595589045 0.0
-0.3249955941605327 0.0
-0.3245094107651949 0.0
-0.32402162625935027 0.0
-0.3235322569593506 0.0
-0.32304131865025676 0.0
-0.3225488266218952 0.0
-0.3220547957023432 0.0
-0.3215592402890275 0.0
-0.3210621743776061 0.0
-0.3205636115887851 0.0
-0.32002142258509303 0.0
-0.31944156666463885 0.0
-0.31882950941703636 0.0
-0.3181902573569779 0.0
-0.31752839023156887 0.0
-0.31684809114496115 0.0
-0.31615317463578885 0.0
-0.31544711283661764 0.0
-0.3147330598379807 0.0
-0.3140138743728338 0.0
-0.3132921409310885 0.0
-0.3125701894074908 0.0
-0.31185011338015056 0.0
-0.311133787111199 0.0
-0.3104228813555736 0.0
-0.3097188780585687 0.0
-0.30902308401781364 0.0
-0.3083366435804942 0.0
-0.3076605504422294 0.0
-0.30699565860947664 0.0
-0.3063426925835424 0.0
-0.30570225682034136 0.0
-0.3050748445164331 0.0
-0.3044608457685585 0.0
-0.3038605551506497 0.0
-0.3033262967116612 0.0
-0.30285089303990853 0.0
-0.30242770306650635 0.0
-0.3020505832928535 0.0
-0.3017138512352646 0.0
-0.30141225207608957 0.0
-0.30114092771095313 0.0
-0.3008953881067358 0.0
-0.30067148478815375 0.0
-0.30046538628641417 0.0
-0.3002735553872644 0.0
-0.30009272807180265 0.0
-0.2999198939981722 0.0
-0.299752278384531 0.0
-0.2995873252209531 0.0
-0.29942268169898667 0.0
-0.29925618376763374 0.0
-0.2990858427316321 0.0
-0.2989098328145927 0.0
-0.2987264796155211 0.0
-0.29853424939279805 0.0
-0.2983317391147813 0.0
-0.29811766721853505 0.0
-0.29789086502121886 0.0
-0.29765026877503153 0.0
-0.29739742542140823 0.0
-0.29713103221904413 0.0
-0.29684990791952015 0.0
-0.2965529841776542 0.0
-0.2962392975710777 0.0
-0.29590798218480496 0.0
-0.2955582627199487 0.0
-0.2951894480888124 0.0
-0.29480092546138903 0.0
-0.29439215473085967 0.0
-0.29396266336809806 0.0
-0.29351204163737465 0.0
-0.29303993814747953 0.0
-0.29254605583089166 0.0
-0.2920301477253069 0.0
-0.29149201378857126 0.0
-0.2909314974288528 0.0
-0.2903484824072622 0.0
-0.2897428899560972 0.0
-0.2891146760971459 0.0
-0.2884638291472028 0.0
-0.2877903673955977 0.0
-0.28709433694289777 0.0
-0.2863758096892077 0.0
-0.2856348814613945 0.0
-0.284865145446364 0.0
-0.2840676028730664 0.0
-0.28324320343238596 0.0
-0.282392848859498 0.0
-0.28151739630179606 0.0
-0.2806176612944309 0.0
-0.27969441939071693 0.0
-0.2787484135750913 0.0
-0.2777803509245371 0.0
-0.2767909076301265 0.0
-0.2757807308732392 0.0
-0.27475044104686885 0.0
-0.2737006328081564 0.0
-0.2726318776931782 0.0
-0.27154472536631147 0.0
-0.27043970510477755 0.0
-0.26931732717737855 0.0
-0.26817808413521793 0.0
-0.26702245197174035 0.0
-0.2658508912529489 0.0
-0.2646638481343908 0.0
-0.2634617553125407 0.0
-0.2622450329079049 0.0
-0.26101408928469017 0.0
-0.25976932181150425 0.0
-0.25850602120802946 0.0
-0.2572252577305816 0.0
-0.2559280350839306 0.0
-0.2546152950842313 0.0
-0.2532879219939359 0.0
-0.2519467465514569 0.0
-0.2505925497162542 0.0
-0.24922606615014575 0.0
-0.24784798745264647 0.0
-0.2464589651677298 0.0
-0.2450596135778118 0.0
-0.24365051230011403 0.0
-0.2422322086992057 0.0
-0.24080522012964578 0.0
-0.2393700360164408 0.0
-0.23792711979111947 0.0
-0.23647691068950527 0.0
-0.23501982542173439 0.0
-0.23355625972366068 0.0
-0.23208658979803665 0.0
-0.23061117365325146 0.0
-0.22913035234687773 0.0
-0.22764445114076248 0.0
-0.22615378057392355 0.0
-0.22465863745908998 0.0
-0.2231566792877404 0.0
-0.2216485396351009 0.0
-0.22013481066209506 0.0
-0.21861604603153761 0.0
-0.21709276361762964 0.0
-0.2155654480233158 0.0
-0.2140345529190153 0.0
-0.2125005032153744 0.0
-0.2109636970817168 0.0
-0.20942450782111255 0.0
-0.20788328561221503 0.0
-0.20634035920598026 0.0
-0.2047960371882065 0.0
-0.20325060962064012 0.0
-0.20170434925445968 0.0
-0.2001575127348061 0.0
-0.19861034171958458 0.0
-0.19706306391865858 0.0
-0.195515894059068 0.0
-0.19396903478154126 0.0
-0.19242267747320363 0.0
-0.19087700304098143 0.0
-0.18933218262997564 0.0
-0.18778837829067863 0.0
-0.1862457435987075 0.0
-0.184703343170181 0.0
-0.18316146550883872 0.0
-0.18162037960330468 0.0
-0.18008033630170606 0.0
-0.1785415695884005 0.0
-0.17700429776977833 0.0
-0.17546872457561435 0.0
-0.1739350401819475 0.0
-0.1724034221611137 0.0
-0.17087403636407306 0.0
-0.16934703773989623 0.0
-0.16782257109685483 0.0
-0.16630077180929992 0.0
-0.1647817664741753 0.0
-0.16326567352077515 0.0
-0.16175260377706246 0.0
-0.16024266099566886 0.0
-0.1587359423424286 0.0
-0.15723253885014943 0.0
-0.15573253584007163 0.0
-0.15423601331335113 0.0
-0.1527430463146815 0.0
-0.1512537052700731 0.0
-0.14976805630060674 0.0
-0.1482861615138975 0.0
-0.14680771760405698 0.0
-0.14533283031410127 0.0
-0.1438615978247113 0.0
-0.1423941112831475 0.0
-0.14093045529449455 0.0
-0.13947070837791187 0.0
-0.13801494339038012 0.0
-0.13656322792026132 0.0
-0.13511562465285398 0.0
-0.13367219170990974 0.0
-0.1322329829650053 0.0
-0.13079804833646547 0.0
-0.12936743405947704 0.0
-0.12794118293883971 0.0
-0.1265193345837805 0.0
-0.12510192562607347 0.0
-0.12368898992269828 0.0
-0.12228055874411314 0.0
-0.12087666094918048 0.0
-0.11947732314770576 0.0
-0.11808256985146781 0.0
-0.11669242361456611 0.0
-0.11530690516385089 0.0
-0.11392603352013997 0.0
-0.11254982611088593 0.0
-0.11117821084889945 0.0
-0.10981121508617098 0.0
-0.10844886377953933 0.0
-0.10709117965422776 0.0
-0.10573818335584995 0.0
-0.10438989359162809 0.0
-0.10304632726163021 0.0
-0.10170749958072056 0.0
-0.10037342419189454 0.0
-0.09904411327161022 0.0
-0.097719577627698 0.0
-0.0963998267903643 0.0
-0.09508486909679337 0.0
-0.09377471176980379 0.0
-0.09246936099098368 0.0
-0.0911688219687008 0.0
-0.08987309900134188 0.0
-0.08858219553614255 0.0
-0.08729611422390704 0.0
-0.0860148569699195 0.0
-0.0847384249813079 0.0
-0.0834668188111336 0.0
-0.08220003839941525 0.0
-0.08093808311132289 0.0
-0.07968095177274592 0.0
-0.07842863846851955 0.0
-0.07718114207951188 0.0
-0.07593846094176127 0.0
-0.07470059288038944 0.0
-0.07346753524124527 0.0
-0.07223928492035281 0.0
-0.07101583839137704 0.0
-0.06979719173118792 0.0
-0.0685833406437113 0.0
-0.06737428048215066 0.0
-0.06617000626971015 0.0
-0.06497051271892573 0.0
-0.06377579424971214 0.0
-0.06258584500618736 0.0
-0.061400658872394764 0.0
-0.060220229486979804 0.0
-0.05904455025690902 0.0
-0.057873614370280047 0.0
-0.05670741480830954 0.0
-0.05554594435654647 0.0
-0.05438919561534994 0.0
-0.05323716100972109 0.0
-0.05208983279848867 0.0
-0.0509472030829361 0.0
-0.0498092638148786 0.0
-0.04867601983132763 0.0
-0.04754746142957389 0.0
-0.04642357880770276 0.0
-0.04530436214864064 0.0
-0.04418980161835839 0.0
-0.04307988736427126 0.0
-0.041974609513840466 0.0
-0.040873958173335945 0.0
-0.039777923426761896 0.0
-0.03868649533493462 0.0
-0.037599663934695826 0.0
-0.036517419238238924 0.0
-0.03543975123257481 0.0
-0.034366649879077116 0.0
-0.03329810511314779 0.0
-0.032234106843960664 0.0
-0.031174644954288455 0.0
-0.03011970930040686 0.0
-0.02906928971207634 0.0
-0.028023375992566768 0.0
-0.026981957918769117 0.0
-0.025945025241332242 0.0
-0.024912567684871822 0.0
-0.02388457494820262 0.0
-0.022861036704630244 0.0
-0.02184195498756636 0.0
-0.020827318002801132 0.0
-0.019817114044073936 0.0
-0.018811331485304672 0.0
-0.017809958773510326 0.0
-0.016812984422267085 0.0
-0.01582039700569693 0.0
-0.014832185152944266 0.0
-0.013848337543091116 0.0
-0.012868842900490174 0.0
-0.011893689990486678 0.0
-0.010922867615492216 0.0
-0.009956364611381163 0.0
-0.00899416984421042 0.0
-0.008036272207203154 0.0
-0.007082660618007441 0.0
-0.006133324016189379 0.0
-0.005188251360953577 0.0
-0.004247431629070819 0.0
-0.003310853813000225 0.0
-0.002378506919180623 0.0
-0.0014503799664975503 0.0
-0.0005264619848934782 0.0
0.00039325786322484755 0.0
0.0013087895389292574 0.0
0.002220134745130344 0.0
0.003127305427018811 0.0
0.0040303134465872106 0.0
0.004929170588907988 0.0
0.005823888567884725 0.0
0.0067144790315427395 0.0
0.007600953566922349 0.0
0.008483323704569315 0.0
0.009361600922676823 0.0
0.01023579665089834 0.0
0.011105922273848661 0.0
0.011971989134323627 0.0
0.012834008536255978 0.0
0.013691991747425905 0.0
0.014545950001950619 0.0
0.015395894502562847 0.0
0.016241836422689195 0.0
0.01708378690835774 0.0
0.01792175707993932 0.0
0.018755758033729322 0.0
0.019585800843393987 0.0
0.020411896561281357 0.0
0.021234056219612482 0.0
0.022052290831560312 0.0
0.02286661139222245 0.0
0.0236770222560154 0.0
0.02448353505710004 0.0
0.025286161363043277 0.0
0.02608491267914846 0.0
0.026879800452410358 0.0
0.027670836075168077 0.0
0.02845803088846781 0.0
0.029241396185161535 0.0
0.030020943212767826 0.0
0.03079668317609314 0.0
0.03156862723965783 0.0
0.032336786529911524 0.0
0.033101172137281844 0.0
0.03386179511804691 0.0
0.03461866649606134 0.0
0.0353717972643258 0.0
0.03612119838643601 0.0
0.03686688079790542 0.0
0.03760885540737482 0.0
0.03834713309770813 0.0
0.039081724727008056 0.0
0.039812641129523034 0.0
0.040539893116486904 0.0
0.04126349147686883 0.0
0.0419834469780591 0.0
0.04269976509031756 0.0
0.04341245704287592 0.0
0.044121534008035646 0.0
0.04482700710429865 0.0
0.04552888739923443 0.0
0.04622718591212151 0.0
0.046921913616392336 0.0
0.04761308144187911 0.0
0.04830070027688968 0.0
0.048984780970122065 0.0
0.04966533433242052 0.0
0.050342371138403244 0.0
0.0510159021279482 0.0
0.05168593800756894 0.0
0.052352489451670654 0.0
0.05301556710371336 0.0
0.053675181577270116 0.0
0.05433134345700089 0.0
0.054984063299547636 0.0
0.055633351634349 0.0
0.05627921896438543 0.0
0.056921675766865486 0.0
0.057560732493844566 0.0
0.058196399572790075 0.0
0.0588286874071023 0.0
0.05945760181636638 0.0
0.06008315357616552 0.0
0.060705353409003196 0.0
0.06132421198683213 0.0
0.06193973993337915 0.0
0.06255194782629099 0.0
0.06316084619912365 0.0
0.06376644554317114 0.0
0.06436875630915775 0.0
0.06496778890880528 0.0
0.06556355371627204 0.0
0.06615606106948789 0.0
0.0667453212713759 0.0
0.06733134459098815 0.0
0.06791414126454731 0.0
0.06849372149640745 0.0
0.06907009545993319 0.0
0.06964327329832092 0.0
0.07021326512534037 0.0
0.07078008102602597 0.0
0.07134373105730425 0.0
0.07190422524857389 0.0
0.0724615736022413 0.0
0.07301578609420009 0.0
0.07356687267428261 0.0
0.07411483912822232 0.0
0.07465969572901775 0.0
0.07520145269790858 0.0
0.07574012020660126 0.0
0.07627570837933624 0.0
0.07680822729479486 0.0
0.07733768698786854 0.0
0.07786409745129169 0.0
0.07838746863715841 0.0
0.07890781045831649 0.0
0.07942513278966792 0.0
0.07993944546936775 0.0
0.08045075829992358 0.0
0.08095908104922477 0.0
0.08146442345148935 0.0
0.08196679520813295 0.0
0.08246620598858029 0.0
0.08296266543101315 0.0
0.08345618314304805 0.0
0.08394676870238636 0.0
0.08443443165739045 0.0
0.08491918152762633 0.0
0.08540102780436915 0.0
0.08587997995105318 0.0
0.08635604740370427 0.0
0.08682923573357852 0.0
0.08729955466803335 0.0
0.08776701388344282 0.0
0.08823162300726813 0.0
0.08869339161996817 0.0
0.08915232925678256 0.0
0.08960844540937418 0.0
0.09006174952736244 0.0
0.0905122510197332 0.0
0.09095995925615445 0.0
0.0914048835681931 0.0
0.09184703325044002 0.0
0.09228641756155671 0.0
0.09272304572524885 0.0
0.09315692693115414 0.0
0.0935880703356842 0.0
0.09401648506278903 0.0
0.09444218020467698 0.0
0.09486516482247329 0.0
0.09528544794683967 0.0
0.09570303857853545 0.0
0.09611794568895507 0.0
0.09653017822060711 0.0
0.09693974508757734 0.0
0.09734665517594263 0.0
0.09775091375826803 0.0
0.09815252998761918 0.0
0.09855151296718484 0.0
0.09894787175222165 0.0
0.09934161535186356 0.0
0.09973275273081185 0.0
0.1001212928108958 0.0
0.10050724447251529 0.0
0.1008906165560033 0.0
0.10127141786286453 0.0
0.10164965715694392 0.0
0.10202534316550278 0.0
0.1023984845802265 0.0
0.10276909005815182 0.0
0.10313716822253373 0.0
0.10350272766365311 0.0
0.10386577693955983 0.0
0.10422632457677243 0.0
0.10458437907092562 0.0
0.10493994888736617 0.0
0.10529304246172014 0.0
0.1056436682004098 0.0
0.10599183448113704 0.0
0.10633754965334044 0.0
0.10668082203861388 0.0
0.10702165657374317 0.0
0.10736006182700177 0.0
0.10769604631846035 0.0
0.10802961852183363 0.0
0.10836078686619187 0.0
0.10868955973757267 0.0
0.10901594548046499 0.0
0.10933995239918988 0.0
0.10966158875919302 0.0
0.10998086278823672 0.0
0.11029778267751755 0.0
0.11061235658270085 0.0
0.11092459262488463 0.0
0.11123449889149842 0.0
0.11154208343713916 0.0
0.1118473542843495 0.0
0.11215031942434371 0.0
0.11245098681768745 0.0
0.11274936439492088 0.0
0.11304546005715392 0.0
0.11333928167661449 0.0
0.11363083709715535 0.0
0.11392013413474034 0.0
0.11420718057788475 0.0
0.11449198418808287 0.0
0.11477454955578323 0.0
0.11505488467166829 0.0
0.11533299748042308 0.0
0.1156088958824804 0.0
0.11588258773565797 0.0
0.11615408085667328 0.0
0.11642338302255825 0.0
0.1166905019719811 0.0
0.11695544540646555 0.0
0.11721822099153516 0.0
0.11747883635777413 0.0
0.11773729910182117 0.0
0.11799361678728788 0.0
0.11824779694562347 0.0
0.11849984707691268 0.0
0.11874977465062797 0.0
0.11899758710632377 0.0
0.11924329185429339 0.0
0.1194868962761705 0.0
0.11972840772550869 0.0
0.11996783352830084 0.0
0.12020518098348651 0.0
0.12044045736340915 0.0
0.12067366991425969 0.0
0.1209048258564795 0.0
0.1211339294402039 0.0
0.12136098809973782 0.0
0.12158600922593889 0.0
0.12180900016786265 0.0
0.12202996823430856 0.0
0.12224892069525002 0.0
0.1224658647831792 0.0
0.1226808076943451 0.0
0.12289375658991668 0.0
0.12310471859706063 0.0
0.12331370080995105 0.0
0.12352071029070869 0.0
0.12372575407027019 0.0
0.1239288391492136 0.0
0.12412997249851253 0.0
0.12432916106024777 0.0
0.12452641174827637 0.0
0.12472173144884784 0.0
0.12491512702118192 0.0
0.125106605298014 0.0
0.1252961730861 0.0
0.12548383716669204 0.0
0.12566960429597662 0.0
0.1258534812055003 0.0
0.12603547460254905 0.0
0.12621558841229277 0.0
0.12639382954214282 0.0
0.1265702048587108 0.0
0.12674472118935856 0.0
0.1269173853236468 0.0
0.12708820401468227 0.0
0.12725718398037417 0.0
0.12742433190460695 0.0
0.12758965443832604 0.0
0.12775315820055663 0.0
0.1279148497793461 0.0
0.12807473573265188 0.0
0.1282328225891616 0.0
0.12838911684905652 0.0
0.1285436249847364 0.0
0.1286963534414813 0.0
0.12884730863807517 0.0
0.12899649696739568 0.0
0.1291439247969509 0.0
0.1292895984693933 0.0
0.1294335243029945 0.0
0.1295757085920933 0.0
0.12971615760750968 0.0
0.12985487759693504 0.0
0.12999187478530186 0.0
0.13012715279136655 0.0
0.13026071802754724 0.0
0.13039257686801622 0.0
0.1305227356501483 0.0
0.13065120067587477 0.0
0.13077797821295653 0.0
0.1309030744961471 0.0
0.13102649572829558 0.0
0.13114824808136613 0.0
0.1312683376973837 0.0
0.1313867706893255 0.0
0.13150355314194356 0.0
0.13161869111253627 0.0
0.13173219063166758 0.0
0.13184405770383156 0.0
0.13195429830808822 0.0
0.13206291839863468 0.0
0.13216992390536392 0.0
0.13227532073436152 0.0
0.13237911476839645 0.0
0.13248131186735235 0.0
0.13258191786865622 0.0
0.13268093858766172 0.0
0.13277837981801552 0.0
0.13287424733200692 0.0
0.13296854445987258 0.0
0.13306127714959684 0.0
0.1331524513132905 0.0
0.1332420728285549 0.0
0.13333014753974887 0.0
0.13341668125917555 0.0
0.13350167976817964 0.0
0.13358514881817582 0.0
0.13366709413160302 0.0
0.13374752140281337 0.0
0.133826436298909 0.0
0.13390384446050912 0.0
0.13397975150247377 0.0
0.13405416301458267 0.0
0.13412708456215802 0.0
0.1341985216866558 0.0
0.13426847990621163 0.0
0.13433696471615822 0.0
0.13440398158949945 0.0
0.1344695359773619 0.0
0.13453363330941487 0.0
0.1345962789942635 0.0
0.13465747841981468 0.0
0.13471723695362775 0.0
0.13477555994323379 0.0
0.13483245044700198 0.0
0.13488791397722694 0.0
0.13494195601259346 0.0
0.1349945819994466 0.0
0.13504579735299574 0.0
0.13509560745841628 0.0
0.13514401767189715 0.0
0.13519103332159366 0.0
0.13523665970853796 0.0
0.13528090210747493 0.0
0.1353237657676463 0.0
0.135365255913519 0.0
0.13540537774546968 0.0
0.13544413644042383 0.0
0.1354815371524464 0.0
0.1355175850133057 0.0
0.135552285132985 0.0
0.13558564260017905 0.0
0.1356176624827446 0.0
0.13564834982813306 0.0
0.13567770966378306 0.0
0.13570574699750812 0.0
0.13573246681783804 0.0
0.13575787409436102 0.0
0.1357819737780291 0.0
0.13580476867292166 0.0
0.13582626388486177 0.0
0.13584646448832252 0.0
0.13586537552763445 0.0
0.13588300201811615 0.0
0.13589934894712688 0.0
0.13591442127504388 0.0
0.13592822393618104 0.0
0.13594076183963613 0.0
0.1359520398700927 0.0
0.13596206288856363 0.0
0.13597083573308175 0.0
0.1359783632193583 0.0
0.13598465014138278 0.0
0.1359897012719982 0.0
0.13599352136342435 0.0
0.13599611514777038 0.0
0.1359974873374906 0.0
0.1359976426258314 0.0
0.13599658568723594 0.0
0.1359943211777382 0.0
0.1359908537353225 0.0
0.13598618798026707 0.0
0.1359803285154662 0.0
0.135973279926736 0.0
0.135965044785381 0.0
0.13595562782337858 0.0
0.13594503374373207 0.0
0.13593326722162052 0.0
0.135920332905458 0.0
0.13590623541790123 0.0
0.13589097935677166 0.0
0.13587456929593575 0.0
0.13585700978609996 0.0
0.13583830535558636 0.0
0.1358184605110289 0.0
0.13579747973804754 0.0
0.13577536750185873 0.0
0.13575212824786395 0.0
0.1357277664021933 0.0
0.13570228637221285 0.0
0.13567569254700554 0.0
0.13564798929782265 0.0
0.13561918097850426 0.0
0.13558927192587616 0.0
0.13555826646012356 0.0
0.1355261688851424 0.0
0.13549298348887578 0.0
0.13545871454361763 0.0
0.13542336630631732 0.0
0.1353869411424494 0.0
0.135349443447578 0.0
0.13531087759078134 0.0
0.13527124791574124 0.0
0.1352305587417499 0.0
0.1351888143646586 0.0
0.1351460190577606 0.0
0.13510217707260724 0.0
0.1350572926397902 0.0
0.1350113699696513 0.0
0.13496441325295994 0.0
0.13491642666154624 0.0
0.13486741434888289 0.0
0.13481738045064995 0.0
0.13476632911469558 0.0
0.13471426441092654 0.0
0.1346611904247642 0.0
0.13460711122570973 0.0
0.13455203086774753 0.0
0.13449595338971812 0.0
0.1344388828156873 0.0
0.1343808231552702 0.0
0.13432177840395484 0.0
0.13426175254340178 0.0
0.13420074954172206 0.0
0.13413877158982385 0.0
0.13407582278778166 0.0
0.13401190721168485 0.0
0.13394702891465018 0.0
0.13388119192778422 0.0
0.133814400261067 0.0
0.1337466579041905 0.0
0.13367796882732674 0.0
0.133608336981856 0.0
0.1335377663010483 0.0
0.13346626070069545 0.0
0.1333938240797015 0.0
0.13332046032064307 0.0
0.1332461732902837 0.0
0.1331709668400709 0.0
0.13309484480657788 0.0
0.13301781101194898 0.0
0.13293986926428725 0.0
0.132861023358044 0.0
0.13278127707436313 0.0
0.13270063418142028 0.0
0.13261909843473849 0.0
0.13253667357747947 0.0
0.13245336334072097 0.0
0.13236917144372728 0.0
0.1322840999345868 0.0
0.13219815265843135 0.0
0.13211133343874928 0.0
0.13202364607834616 0.0
0.1319350943602348 0.0
0.13184568204846878 0.0
0.13175541288891404 0.0
0.13166429060998305 0.0
0.13157231892330026 0.0
0.1314795015243475 0.0
0.13138584209303827 0.0
0.1312913442942877 0.0
0.1311960117785127 0.0
0.13109984818212647 0.0
0.13100285712798218 0.0
0.13090504222580326 0.0
0.13080640707257482 0.0
0.13070695525291456 0.0
0.13060669033942712 0.0
0.13050561589301915 0.0
0.13040373546321785 0.0
0.1303010525884501 0.0
0.13019757079631758 0.0
0.13009329360384947 0.0
0.12998822451773626 0.0
0.1298823654718519 0.0
0.12977572009283966 0.0
0.12966829198775662 0.0
0.12956008474495015 0.0
0.12945110193489862 0.0
0.1293413471109824 0.0
0.12923082381019838 0.0
0.1291195355538439 0.0
0.12900748584813485 0.0
0.12889467818479264 0.0
0.1287811160415956 0.0
0.1286668028828832 0.0
0.12855174216003437 0.0
0.12843593731191458 0.0
0.12831939176528256 0.0
0.12820210893519163 0.0
0.12808409222534053 0.0
0.12796534502842113 0.0
0.12784587072643327 0.0
0.12772567269097795 0.0
0.12760475428354665 0.0
0.12748311885576596 0.0
0.12736076974965824 0.0
0.12723771029785882 0.0
0.12711394382383606 0.0
0.12698947216951503 0.0
0.12686429877239153 0.0
0.12673842705205207 0.0
0.12661186041099995 0.0
0.12648460223542837 0.0
0.1263566558959361 0.0
0.12622802474819583 0.0
0.12609871213357732 0.0
0.12596872137973114 0.0
0.12583805580112492 0.0
0.12570671869954952 0.0
0.12557471336458845 0.0
0.12544204307405715 0.0
0.12530871109441374 0.0
0.12517472068113256 0.0
0.12504007507906797 0.0
0.12490477752278333 0.0
0.12476883123686232 0.0
0.12463223943619425 0.0
0.12449500532625099 0.0
0.12435713210333241 0.0
0.1242186229548102 0.0
0.1240794810593412 0.0
0.12393970958707755 0.0
0.12379931169986061 0.0
0.12365828916285591 0.0
0.12351664524597143 0.0
0.12337438320254071 0.0
0.12323150627010364 0.0
0.12308801767111419 0.0
0.12294392061360837 0.0
0.12279921829183195 0.0
0.12265391388681321 0.0
0.12250801056689684 0.0
0.12236151148825665 0.0
0.1222144197953535 0.0
0.12206673862137174 0.0
0.12191846966924022 0.0
0.12176961758483189 0.0
0.1216201854615725 0.0
0.1214701763836634 0.0
0.12131959342634008 0.0
0.12116843965611925 0.0
0.12101671813102616 0.0
0.120864431900814 0.0
0.1207115840071615 0.0
0.12055817748385185 0.0
0.12040421535696096 0.0
0.12024970064500724 0.0
0.12009463635911238 0.0
0.1199390241931518 0.0
0.11978286726092663 0.0
0.11962616866098259 0.0
0.11946893147730214 0.0
0.1193111587799661 0.0
0.11915285362575673 0.0
0.11899401905872235 0.0
0.11883465811070672 0.0
0.11867477380183337 0.0
0.11851436914096772 0.0
0.11835344712613607 0.0
0.11819201074491886 0.0
0.11803006297482292 0.0
0.11786760678362003 0.0
0.11770464512966355 0.0
0.11754118096218712 0.0
0.11737721722158191 0.0
0.11721275683964966 0.0
0.11704780273984675 0.0
0.11688235783750066 0.0
0.1167164250400268 0.0
0.11655000724711155 0.0
0.11638310735090501 0.0
0.11621572823617735 0.0
0.11604787278048467 0.0
0.11587954261779902 0.0
0.11571074072212777 0.0
0.11554147005288452 0.0
0.1153717335555599 0.0
0.11520153416233661 0.0
0.11503087479268627 0.0
0.11485975835389242 0.0
0.1146881877415624 0.0
0.11451616584009384 0.0
0.11434369552310224 0.0
0.11417077965383193 0.0
0.11399742108552866 0.0
0.11382362266179007 0.0
0.1136493872168864 0.0
0.11347471757607151 0.0
0.11329961655585476 0.0
0.1131240869642697 0.0
0.11294813160111436 0.0
0.11277175325817858 0.0
0.1125949547194572 0.0
0.11241773876134317 0.0
0.11224010815281245 0.0
0.1120620656555953 0.0
0.11188361402433131 0.0
0.1117047560067226 0.0
0.11152549317602269 0.0
0.11134582837074102 0.0
0.11116576441547774 0.0
0.11098530412156278 0.0
0.11080445028763727 0.0
0.1106232057002037 0.0
0.11044157313413437 0.0
0.11025955535313953 0.0
0.11007715511021135 0.0
0.10989437514802748 0.0
0.10971121819933163 0.0
0.10952768698729098 0.0
0.10934378422581484 0.0
0.10915951261986895 0.0
0.108974874865752 0.0
0.1087898736513634 0.0
0.10860451165644532 0.0
0.10841879155281425 0.0
0.10823271600456814 0.0
0.10804628766828797 0.0
0.10785950919321854 0.0
0.1076723832214413 0.0
0.10748491238802967 0.0
0.10729709932119759 0.0
0.10710894664243965 0.0
0.10692045586363062 0.0
0.1067316296916987 0.0
0.10654247082026731 0.0
0.10635298193025118 0.0
0.106163165690408 0.0
0.10597302475784752 0.0
0.10578256177851582 0.0
0.1055917793876365 0.0
0.1054006802101189 0.0
0.105209266860946 0.0
0.10501754194552697 0.0
0.10482550806003237 0.0
0.1046331677916943 0.0
0.10444052371910299 0.0
0.10424757841245909 0.0
0.10405433443382915 0.0
0.1038607943373762 0.0
0.10366696066956514 0.0
0.10347283596936567 0.0
0.10327842276844097 0.0
0.10308372359130558 0.0
0.10288874095550175 0.0
0.10269347737173039 0.0
0.1024979353439997 0.0
0.1023021173697506 0.0
0.10210602489759962 0.0
0.1019096605052808 0.0
0.10171302675773526 0.0
0.10151612620767103 0.0
0.10131896139608328 0.0
0.10112153485273592 0.0
0.10092384909661442 0.0
0.10072590663633671 0.0
0.10052770997055098 0.0
0.10032926158828637 0.0
0.10013056396929193 0.0
0.09993161958434751 0.0
0.09973243089555071 0.0
0.09953300035658841 0.0
0.09933333041298606 0.0
0.09913342350233563 0.0
0.0989332820545163 0.0
0.0987329084918887 0.0
0.09853230522948797 0.0
0.09833147467519061 0.0
0.09813041922987643 0.0
0.0979291412875823 0.0
0.09772764323563356 0.0
0.09752592745478071 0.0
0.0973239963193109 0.0
0.09712185121173625 0.0
0.09691949458175053 0.0
0.096716928866702 0.0
0.09651415649212391 0.0
0.09631117987222099 0.0
0.0961080014103371 0.0
0.0959046234993608 0.0
0.09570104852213945 0.0
0.09549727885182867 0.0
0.09529331685224154 0.0
0.09508916487816578 0.0
0.09488482527564891 0.0
0.09468030038227958 0.0
0.09447559252743908 0.0
0.0942707040325346 0.0
0.09406563721121805 0.0
0.09386039436959484 0.0
0.09365497780640998 0.0
0.09344938981322297 0.0
0.0932436326745729 0.0
0.09303770866812917 0.0
0.0928316200648333 0.0
0.09262536912903295 0.0
0.09241895811860519 0.0
0.09221238928505907 0.0
0.0920056639416859 0.0
0.09179878441080559 0.0
0.09159175300281443 0.0
0.09138457201668534 0.0
0.09117724374043261 0.0
0.09096977045154551 0.0
0.09076215441738764 0.0
0.09055439789557256 0.0
0.09034650313430899 0.0
0.09013847237272338 0.0
0.08993030784115788 0.0
0.08972201176145873 0.0
0.08951358634721841 0.0
0.08930503380403203 0.0
0.08909635632971316 0.0
0.08888755611450574 0.0
0.08867863534127235 0.0
0.08846959618568351 0.0
0.08826044081637506 0.0
0.08805117139511216 0.0
0.0878417900769295 0.0
0.08763229901027009 0.0
0.08742270033710509 0.0
0.08721299619305602 0.0
0.08700318870750512 0.0
0.08679327912191272 0.0
0.08658326963219234 0.0
0.08637316242275807 0.0
0.08616295966700056 0.0
0.08595266352771491 0.0
0.08574227615753062 0.0
0.0855317996992763 0.0
0.0853212362863413 0.0
0.0851105880430072 0.0
0.08489985708474918 0.0
0.08468904551852417 0.0
0.08447815544303444 0.0
0.08426718894897244 0.0
0.08405614811925759 0.0
0.08384503502923901 0.0
0.0836338517469005 0.0
0.08342260033304397 0.0
0.08321128284146125 0.0
0.08299990131909515 0.0
0.08278845780618135 0.0
0.08257695433639825 0.0
0.08236539293698593 0.0
0.08215377562887174 0.0
0.08194210442678242 0.0
0.0817303813393453 0.0
0.08151860753454807 0.0
0.08130678508361204 0.0
0.08109491604668324 0.0
0.08088300247328702 0.0
0.08067104640274864 0.0
0.08045904986457875 0.0
0.08024701487883687 0.0
0.08003494345646768 0.0
0.07982283759961109 0.0
0.07961069930189864 0.0
0.07939853054871929 0.0
0.07918633331747536 0.0
0.07897410957781162 0.0
0.07876186129183652 0.0
0.07854959041432336 0.0
0.07833729889290145 0.0
0.07812498866822747 0.0
0.07791266167415134 0.0
0.07770031983786722 0.0
0.07748796508005527 0.0
0.07727559931501421 0.0
0.07706322445078291 0.0
0.07685084238924957 0.0
0.0766384550262731 0.0
0.07642606425176265 0.0
0.07621367115943586 0.0
0.07600127769813148 0.0
0.07578888580603786 0.0
0.07557649741112589 0.0
0.07536411443153719 0.0
0.07515173877596046 0.0
0.07493937234396585 0.0
0.07472701702633237 0.0
0.07451467470533699 0.0
0.07430234725503221 0.0
0.07409003654150374 0.0
0.07387774442310507 0.0
0.07366547275068275 0.0
0.07345322336778067 0.0
0.07324099811082893 0.0
0.07302879880932606 0.0
0.07281662728600202 0.0
0.07260448535662253 0.0
0.07239237483070819 0.0
0.07218029751160965 0.0
0.07196825519645743 0.0
0.07175624967628304 0.0
0.07154428273612466 0.0
0.0713323561551308 0.0
0.07112047170664396 0.0
0.07090863040958699 0.0
0.07069683409277193 0.0
0.07048508457473787 0.0
0.07027338366417156 0.0
0.07006173316028087 0.0
0.06985013485313066 0.0
0.06963859052397779 0.0
0.06942710194556363 0.0
0.06921567088240327 0.0
0.06900429909103097 0.0
0.06879298832025646 0.0
0.06858174031137534 0.0
0.06837055679839156 0.0
0.06815943950819431 0.0
0.06794839016075728 0.0
0.06773741046928526 0.0
0.0675265021403874 0.0
0.0673156668742112 0.0
0.0671049063645816 0.0
0.06689422229911757 0.0
0.06668361635935995 0.0
0.06647309022087267 0.0
0.066262645553338 0.0
0.06605228402066109 0.0
0.06584200728104299 0.0
0.06563181627754786 0.0
0.06542171272051919 0.0
0.06521169831036909 0.0
0.0650017747379606 0.0
0.06479194368496138 0.0
0.0645822068241663 0.0
0.06437256581980688 0.0
0.06416302232782896 0.0
0.06395357799616101 0.0
0.06374423446495592 0.0
0.0635349933668152 0.0
0.0633258563270006 0.0
0.06311682496362991 0.0
0.06290790088786095 0.0
0.06269908570405171 0.0
0.06249038100992832 0.0
0.06228178839672021 0.0
0.06207330944930182 0.0
0.06186494574630731 0.0
0.06165669886026367 0.0
0.06144857035768258 0.0
0.061240561799163346 0.0
0.06103267473949558 0.0
0.06082491072773238 0.0
0.060617271307276586 0.0
0.060409757343335056 0.0
0.06020237042822204 0.0
0.05999511214458653 0.0
0.059787984065761676 0.0
0.05958098775610498 0.0
0.05937412477130033 0.0
0.05916739665865197 0.0
0.058960804957341295 0.0
0.05875435119868058 0.0
0.05854803690633972 0.0
0.058341863596559275 0.0
0.05813583277834583 0.0
0.057929945953658225 0.0
0.057724204617580176 0.0
0.05751861025846547 0.0
0.05731316435810106 0.0
0.05710786839182844 0.0
0.05690272382868179 0.0
0.0566977321314925 0.0
0.05649289475700803 0.0
0.05628821315598244 0.0
0.05608368877327789 0.0
0.05587932304794433 0.0
0.05567511741330231 0.0
0.05547107329702004 0.0
0.05526719148333561 0.0
0.05506347344569542 0.0
0.05485992064807139 0.0
0.05465653454530361 0.0
0.05445331658341412 0.0
0.054250268199891635 0.0
0.054047390823969414 0.0
0.05384468587687073 0.0
0.05364215477204598 0.0
0.05343979891538243 0.0
0.05323761970540956 0.0
0.053035618533482085 0.0
0.052833796783953814 0.0
0.052632155834337446 0.0
0.05243069705544977 0.0
0.0522294218115567 0.0
0.05202833146048718 0.0
0.05182742735376513 0.0
0.05162671083671358 0.0
0.05142618324855452 0.0
0.05122584592249929 0.0
0.051025700185846304 0.0
0.050825747360055004 0.0
0.0506259887608157 0.0
0.05042642569812875 0.0
0.05022705887133488 0.0
0.05002788963319522 0.0
0.04982891932714869 0.0
0.04963014928763832 0.0
0.04943158084040854 0.0
0.049233215302776356 0.0
0.049035053983887626 0.0
0.04883709818495807 0.0
0.048639349199488556 0.0
0.04844180831346696 0.0
0.04824447680556788 0.0
0.048047355947316704 0.0
0.04785044700325592 0.0
0.047653751231099696 0.0
0.0474572698818724 0.0
0.04726100420003504 0.0
0.047064955423608314 0.0
0.046869124784286585 0.0
0.046673513507533876 0.0
0.046478122812686457 0.0
0.0462829539130428 0.0
0.046088008015933976 0.0
0.0458932863228158 0.0
0.04569879002932655 0.0
0.04550452032535994 0.0
0.04531047782106588 0.0
0.04511666374621974 0.0
0.044923079321410604 0.0
0.044729725758347536 0.0
0.04453660426014123 0.0
0.04434371602155749 0.0
0.044151062229271426 0.0
0.04395864406208036 0.0
0.04376646269112147 0.0
0.04357451928006418 0.0
0.043382814985283506 0.0
0.04319135095603374 0.0
0.04300012833459589 0.0
0.04280914825643375 0.0
0.042618411850308686 0.0
0.0424279202384217 0.0
0.04223767453651515 0.0
0.04204767585398184 0.0
0.041857925293966036 0.0
0.041668423953455117 0.0
0.0414791729233557 0.0
0.041290173288586265 0.0
0.04110142612813731 0.0
0.040912932515139694 0.0
0.04072469351693781 0.0
0.040536709650324826 0.0
0.04034898201981499 0.0
0.04016151172086689 0.0
0.03997429984017687 0.0
0.0397873474559387 0.0
0.03960065563809229 0.0
0.03941422544856788 0.0
0.0392280579414786 0.0
0.03904215416333639 0.0
0.03885651515322861 0.0
0.03867114194299236 0.0
0.03848603555736755 0.0
0.03830119701415489 0.0
0.0381166273243416 0.0
0.03793232749223905 0.0
0.03774829851559156 0.0
0.03756454138568969 0.0
0.037381057087475675 0.0
0.037197846599627805 0.0
0.03701491089465903 0.0
0.03683225093899043 0.0
0.03664986769303 0.0
0.036467762111241926 0.0
0.03628593514220916 0.0
0.036104387728699935 0.0
0.0359231202905257 0.0
0.03574213380510777 0.0
0.035561429240956795 0.0
0.03538100755794795 0.0
0.035200869707567146 0.0
0.03502101663316585 0.0
0.03484144927015978 0.0
0.034662168546254694 0.0
0.03448317538161603 0.0
0.03430447068906296 0.0
0.034126055374222045 0.0
0.03394793033567658 0.0
0.03377009646512062 0.0
0.03359255464747975 0.0
0.03341530576103175 0.0
0.03323835067753269 0.0
0.033061690262305835 0.0
0.032885325374349725 0.0
0.032709256866430975 0.0
0.0325334855851591 0.0
0.032358012371070666 0.0
0.032182838058704595 0.0
0.032007963476667074 0.0
0.031833389447692026 0.0
0.03165911678870502 0.0
0.03148514581978539 0.0
0.03131147739020292 0.0
0.03113811234047907 0.0
0.030965051502656344 0.0
0.030792295700542496 0.0
0.030619845749931953 0.0
0.030447702458820208 0.0
0.030275866627602677 0.0
0.030104339049244238 0.0
0.029933120509465082 0.0
0.029762211786885383 0.0
0.029591613653179045 0.0
0.02942132687320273 0.0
0.029251352205129384 0.0
0.029081690400561605 0.0
0.02891234220464067 0.0
0.02874330835615009 0.0
0.02857458958761077 0.0
0.028406186625367293 0.0
0.028238100189670955 0.0
0.028070330994754103 0.0
0.027902879748905964 0.0
0.027735747154534442 0.0
0.027568933908226134 0.0
0.027402440700808627 0.0
0.027236267750989883 0.0
0.02707041577983693 0.0
0.026904885499880314 0.0
0.02673967761535955 0.0
0.026574792822456166 0.0
0.026410231809516266 0.0
0.02624599525725092 0.0
0.02608208383891518 0.0
0.025918498220496893 0.0
0.02575523906087121 0.0
0.025592307011952208 0.0
0.02542970271883245 0.0
0.02526742681992084 0.0
0.025105479947059302 0.0
0.02494386272563504 0.0
0.024782575774690226 0.0
0.024621619707020207 0.0
0.024460995129264067 0.0
0.02430070264198949 0.0
0.02414074283977442 0.0
0.02398111631128564 0.0
0.023821823639334376 0.0
0.023662865400958053 0.0
0.023504242167470386 0.0
0.023345954504526624 0.0
0.023188002529070963 0.0
0.023030386835109034 0.0
0.02287310800834922 0.0
0.02271616662643823 0.0
0.022559563259189525 0.0
0.022403298468792562 0.0
0.02224737281000134 0.0
0.022091786830319347 0.0
0.021936541070172226 0.0
0.021781636063051286 0.0
0.021627072335671783 0.0
0.021472850408106044 0.0
0.02131897079390581 0.0
0.021165434000219523 0.0
0.021012240527911247 0.0
0.02085939087165728 0.0
0.02070688552003944 0.0
0.020554724955641795 0.0
0.020402909655122498 0.0
0.020251440089309385 0.0
0.020100316723255678 0.0
0.019949540016317196 0.0
0.019799110422211885 0.0
0.019649028389086814 0.0
0.019499294359564608 0.0
0.01934990834977575 0.0
0.019200870829017544 0.0
0.019052182258570347 0.0
0.01890384309192797 0.0
0.018755853775006086 0.0
0.018608214746358133 0.0
0.018460926437338335 0.0
0.018313989272299314 0.0
0.01816740366873927 0.0
0.01802117003745598 0.0
0.017875288782689996 0.0
0.017729760302252578 0.0
0.017584584987648103 0.0
0.017439763224196606 0.0
0.01729529539112269 0.0
0.017151181861676794 0.0
0.017007423003207966 0.0
0.016864019177266442 0.0
0.016720970739674736 0.0
0.01657827804061133 0.0
0.01643594142467481 0.0
0.01629396123095428 0.0
0.016152337793094978 0.0
0.016011071439346075 0.0
0.015870162492632 0.0
0.01572961087044609 0.0
0.015589416920893332 0.0
0.015449580984376137 0.0
0.01531010339381372 0.0
0.01517098447484993 0.0
0.015032224546046705 0.0
0.014893823919062207 0.0
0.014755782898816351 0.0
0.014618101783644541 0.0
0.014480780865447906 0.0
0.014343820429830654 0.0
0.014207220756214582 0.0
0.014070982117971035 0.0
0.013935104782521673 0.0
0.01379958901144481 0.0
0.013664435060580123 0.0
0.013529643180099618 0.0
0.013395213614611974 0.0
0.013261146603225268 0.0
0.013127442379634063 0.0
0.012994101172182668 0.0
0.012861123203929473 0.0
0.012728508692706671 0.0
0.012596257851185481 0.0
0.0124643708869241 0.0
0.012332847622044348 0.0
0.012201688287970672 0.0
0.012070893108763695 0.0
0.011940462301335613 0.0
0.011810396075650778 0.0
0.011680694634908778 0.0
0.011551358175707871 0.0
0.011422386888219596 0.0
0.011293780956328232 0.0
0.011165540557774205 0.0
0.011037665864281012 0.0
0.010910157041684762 0.0
0.010783014250037588 0.0
0.010656237643722673 0.0
0.010529827371547864 0.0
0.010403783576843564 0.0
0.010278106397547974 0.0
0.010152795966286527 0.0
0.010027852410453267 0.0
0.009903275852275665 0.0
0.009779066408890175 0.0
0.009655224192400651 0.0
0.009531749309939297 0.0
0.009408641863718923 0.0
0.009285901951094539 0.0
0.009163529302964466 0.0
0.00904152403937173 0.0
0.00891988627336504 0.0
0.008798616111198483 0.0
0.008677713652517143 0.0
0.008557178990545599 0.0
0.008437012212240573 0.0
0.0083172133984482 0.0
0.008197782624053827 0.0
0.008078719958105869 0.0
0.007960025463949555 0.0
0.00784169919934034 0.0
0.007723741216554683 0.0
0.007606151562490051 0.0
0.007488930278764473 0.0
0.007372077401804454 0.0
0.007255592962929367 0.0
0.007139476988429139 0.0
0.007023729499639733 0.0
0.00690835051301764 0.0
0.006793340040193281 0.0
0.0066786980880424104 0.0
0.006564424658744887 0.0
0.006450519749825542 0.0
0.006336983354227659 0.0
0.006223815116451276 0.0
0.006111015051082433 0.0
0.005998583166086691 0.0
0.005886519463005007 0.0
0.005774823937131139 0.0
0.005663496577687082 0.0
0.005552537367978492 0.0
0.005441946285538258 0.0
0.0053317233022721405 0.0
0.0052218683845791465 0.0
0.005112381493476962 0.0
0.005003262584714839 0.0
0.004894511608876943 0.0
0.004786128511484137 0.0
0.004678113233076672 0.0
0.004570465709315413 0.0
0.004463185871053755 0.0
0.004356273644414024 0.0
0.004249728950865088 0.0
0.004143551707282615 0.0
0.004037741826016674 0.0
0.003932299214950561 0.0
0.0038272237775540054 0.0
0.0037225154129403412 0.0
0.0036181740159192716 0.0
0.003514199149968936 0.0
0.0034105907306192073 0.0
0.0033073486671582847 0.0
0.0032044728628342067 0.0
0.003101963215023844 0.0
0.002999819615387389 0.0
0.002898041950034596 0.0
0.0027966300996534505 0.0
0.002695583939644102 0.0
0.002594903340251927 0.0
0.0024945881666739904 0.0
0.002394638279166726 0.0
0.002295053533151078 0.0
0.0021958337793146804 0.0
0.002096978863682392 0.0
0.00199848862771869 0.0
0.0019003629083931483 0.0
0.001802601538259866 0.0
0.0017052043455294242 0.0
0.0016081711541239229 0.0
0.0015115017837531073 0.0
0.001415196049956549 0.0
0.0013192537641703208 0.0
