-56.72 33.85755
-56.62 33.85755
-56.520000408224355 33.85755002371166
-56.42000201126825 33.857550119412686
-56.320005538141885 33.85755033705872
-56.220011664363945 33.85755072822322
-56.120021015764394 33.85755134604013
-56.02003417201716 33.85755224514907
-55.92005166992195 33.857553481642526
-55.82007400645298 33.857555113014854
-55.72010164159116 33.85755719811277
-55.62013500095521 33.857559797087184
-55.52017447824581 33.857562971346056
-55.42022043751627 33.85756678350826
-55.320273215281816 33.85757129735825
-55.2203331224792 33.85757657780138
-55.12040044628704 33.857582690819925
-55.02047545181697 33.857589703429504
-54.92055838368457 33.85759768363606
-54.82064946746886 33.85760670039321
-54.72074891106805 33.85761682355998
-54.62085690595884 33.85762812385882
-54.52097362836642 33.85764067283397
-54.42109924035167 33.857654542810145
-54.32123389082102 33.85766980685136
-54.221377716464474 33.857686538720124
-54.12153084262711 33.85770481283684
-54.02169342987692 33.857724703730035
-53.92186566835921 33.857746285964815
-53.82204772686924 33.857769634583214
-53.72223975452327 33.857794825066215
-53.62244188231059 33.857821933296215
-53.522654224535025 33.85785103551991
-53.422876880153744 33.85788220831151
-53.323109934020685 33.85791552853637
-53.22335345804133 33.857951073314865
-53.12360751224518 33.857988919986674
-53.02387214578174 33.85802914607527
-52.92414739784546 33.85807182925278
-52.82443329853468 33.85811704730513
-52.72472986964926 33.85816487809745
-52.625037125431255 33.85821539953982
-52.525355073252676 33.85826868955333
-52.4256837142541 33.85832482603635
-52.32602304393761 33.858383886831255
-52.226373052717356 33.858445949691344
-52.126733726430636 33.85851109224817
-52.02710504681244 33.85857939197916
-51.92748699193595 33.85865092617559
-51.82787953662146 33.858725771910905
-51.72828265281595 33.85880400600943
-51.628696309945376 33.858885705015396
-51.52912046814428 33.858970944526156
-51.42955507948917 33.85905979914262
-51.33000009622968 33.85915234305601
-51.23045547089985 33.8592486500191
-51.1309211564212 33.8593487933179
-51.0313971061983 33.85945284574382
-50.93188327420719 33.859560879566246
-50.83237961507736 33.859672966505634
-50.73288608416758 33.859789177707015
-50.63340263763613 33.85990958371399
-50.53392923250575 33.860034254443256
-50.43446582672372 33.860163259159535
-50.33501237921743 33.86029666645107
-50.23556884994575 33.86043454420559
-50.13613519994643 33.86057695958675
-50.03671139137996 33.86072397901114
-49.93729738756997 33.860875668125765
-49.83789315304056 33.86103209178603
-49.73849865355069 33.8611933140343
-49.63911385612587 33.86135939807893
-49.53973872908732 33.86153040627386
-49.440373242078834 33.8617064000987
-49.34101736609144 33.86188744013942
-49.24167107348606 33.862073586069506
-49.14233433801429 33.8622648966317
-49.043007123428396 33.86246142902832
-48.94368938510697 33.862663238885915
-48.8443810829522 33.862870380811046
-48.74508218114219 33.86308290837444
-48.64579264790075 33.86330087409576
-48.5465124552833 33.863524329429026
-48.447241578977845 33.86375332474858
-48.34797999811991 33.863987909335734
-48.24872769512042 33.864228131366005
-48.149484655505674 33.86447403789696
-48.050250867768455 33.86472567485666
-47.95102632322959 33.86498308703268
-47.851811015909156 33.86524631806177
-47.75260494240662 33.86551541042011
-47.653408101789395 33.86579040541409
-47.55422049548906 33.866071343171754
-47.45504212720484 33.86635826263479
-47.35587300281372 33.8666512015511
-47.25671313028681 33.866950196467954
-47.15756251961143 33.86725528272571
-47.058421182718625 33.867566494452106
-46.95928913341559 33.867883864557115
-46.86016638732274 33.86820742472836
-46.76105296181513 33.86853720542709
-46.66194887596778 33.86887323588469
-46.56285414468284 33.8692155435481
-46.46376877954011 33.869564154057834
-46.36469279539421 33.86991909177762
-46.26562621018166 33.8702803797938
-46.16656904474156 33.87064803991524
-46.06752132264895 33.871022092673826
-45.96848307005986 33.87140255732552
-45.86945431556725 33.871789451851946
-45.7704350900671 33.87218279296255
-45.67142542663391 33.87258259609724
-45.5724253604049 33.8729888754296
-45.473434928472386 33.87340164387056
-45.37445416978367 33.873820913072635
-45.2754831250479 33.87424669343462
-45.17652183664952 33.874678994106795
-45.07757034856772 33.875117822996586
-44.97862870630149 33.87556318677474
-44.879696956799954 33.876015090881914
-44.78077514839748 33.87647353953578
-44.68186333075339 33.87693853573852
-44.58296155479576 33.87741008128481
-44.48406987266919 33.87788817677019
-44.38518833768614 33.878372821599925
-44.286317004281656 33.87886401399818
-44.18745592797121 33.879361751017704
-44.08860516443142 33.879866028021084
-43.98976476971479 33.88037683867218
-43.89093480132098 33.88089417545684
-43.79211531811516 33.88141802969504
-43.693306380252004 33.88194839155339
-43.59450804910514 33.88248525005797
-43.49572038720144 33.883028593107575
-43.39694345816003 33.88357840748727
-43.298177326635496 33.88413467888231
-43.199422058265114 33.88469739189236
-43.100677719619775 33.88526653004603
-43.00194437815831 33.88584207581577
-42.90322210218508 33.886424010633
-42.80451096081044 33.88701231490354
-42.705811023914016 33.88760696802332
-42.607122362110566 33.88820794839442
-42.50844504671815 33.888815233441235
-42.409779149728564 33.88942879962701
-42.31112474377983 33.89004862247056
-42.212481902130556 33.89067467656319
-42.11385069863612 33.89130693558588
-42.01523120772649 33.891945372326695
-41.916623504385534 33.8925899586983
-41.81802766413184 33.893240665755755
-41.719443763000776 33.89389746371444
-41.62087187950019 33.89456032145858
-41.522312094471616 33.89522920654251
-41.423764488984865 33.89590408570231
-41.32522914433352 33.8965849248753
-41.2267061420307 33.89727168921963
-41.128195563805114 33.89796434313406
-41.02969749159738 33.8986628502778
-40.931212007556596 33.89936717359047
-40.83273919403712 33.90007727531214
-40.73427913359557 33.90079311700351
-40.635831908988045 33.90151465956607
-40.53739760316748 33.90224186326241
-40.438976299281215 33.90297468773655
-40.34056808066873 33.90371309203431
-40.242173030859476 33.90445703462372
-40.143791233570894 33.90520647341548
-40.04542277270656 33.90596136578342
-39.94706773235442 33.90672166858496
-39.84872619678518 33.90748733818158
-39.75039825045075 33.90825833045931
-39.65208397798284 33.90903460084914
-39.55378346419162 33.90981610434746
-39.455496794064445 33.91060279553647
-39.357224052764714 33.91139462860446
-39.258965325630754 33.912191557366185
-39.160720701553075 33.91299353479595
-39.06249027266668 33.91380051303332
-38.96427413068473 33.914612443876436
-38.86607236693547 33.91542927880279
-38.7678850723965 33.91625096898994
-38.66971233772662 33.9170774653361
-38.57155425337851 33.91790871848071
-38.47341090953887 33.91874467882477
-38.37528239607123 33.919585296551055
-38.27716880262728 33.92043052164431
-38.17907021866894 33.921280303911296
-38.08098673348876 33.92213459300064
-37.982918436228935 33.9229933384226
-37.884865415898965 33.92385648956861
-37.78682776139204 33.92472399573071
-37.6888055615003 33.92559580612082
-37.59079890492901 33.926471869889795
-37.49280788030968 33.92735213614633
-37.39483257621233 33.92823655397568
-37.29687308115687 33.92912507245817
-37.198929483623616 33.930017640687545
-37.101001872063144 33.93091420778906
-37.00309033490541 33.93181472293742
-36.90519496056822 33.93271913537447
-36.8073158374651 33.93362739442668
-36.70945305805191 33.93453944906214
-36.61160671844183 33.935455247895526
-36.51377691400703 33.936374739653544
-36.41596373943569 33.937297873192065
-36.31816728878483 33.93822459751303
-36.220387655529514 33.9391548617811
-36.12262493260853 33.94008861534008
-36.02487921246679 33.94102580772911
-35.927150587094815 33.941966388698575
-35.82943914806533 33.94291030822576
-35.73174498656736 33.943857516530294
-35.63406819343781 33.94480796408925
-35.53640885919092 33.94576160165206
-35.438767074045536 33.9467183802551
-35.34114292795053 33.94767825123604
-35.24353651060836 33.94864116624788
-35.145947911497 33.94960707727275
-35.048377219890305 33.95057593663538
-34.95082452487695 33.951547697016316
-34.853289915378 33.95252231146484
-34.75577348016326 33.9534997334116
-34.65827530786648 33.95447991668093
-34.560795486999446 33.95546281550292
-34.463334105963455 33.95644838452505
-34.36589125306327 33.957436578823746
-34.26846702088473 33.958427353485355
-34.17106150587038 33.95942066360703
-34.0736748035613 33.96041646472782
-33.976307008663746 33.96141471283931
-33.878958215110956 33.9624153643959
-33.781628516120705 33.963418376324924
-33.68431800424868 33.96442370603634
-33.58702677143812 33.965431311432255
-33.48975490906589 33.96644115091604
-33.39250250798535 33.96745318340125
-33.295269658566134 33.968467368320184
-33.19805645073114 33.9694836656322
-33.10086297399084 33.97050203583166
-33.00368931747526 33.97152243995566
-32.90653556996358 33.97254483959143
-32.80940181991169 33.9735691968834
-32.712288155477815 33.97459547454004
-32.61519466454626 33.97562363584032
-32.51812143474952 33.97665364463997
-32.421068553488794 33.97768546537734
-32.32403610795307 33.97871906307907
-32.22702418513682 33.97975440336534
-32.13003287185645 33.98079145245497
-32.033062254765625 33.9818301771701
-31.93611242036942 33.98287054494067
-31.839183459580994 33.98391252341035
-31.742275467277977 33.98495608043242
-31.645388537346243 33.9860011844635
-31.548522762751567 33.98704780456709
-31.451678235606202 33.988095910416824
-31.354855047230707 33.98914547229942
-31.25805328821141 33.99019646111744
-31.161273048453776 33.99124884839177
-31.06451441723198 33.99230260626382
-30.967777483234972 33.9933577074975
-30.871062334609274 33.994414125480944
-30.774369058998715 33.99547183422794
-30.677697743581362 33.99653080837917
-30.58104847510382 33.997591023203135
-30.4844213399131 33.998652454596886
-30.387816423986216 33.999715079086485
-30.291233812957675 34.00077887382723
-30.194673592145026 34.001843816603625
-30.098135846572582 34.002909885829126
-30.001620660993456 34.003977060545644
-29.90512811991003 34.0050453204228
-29.808658307592975 34.00611464575698
-29.712211308098894 34.007185017470135
-29.615787205286743 34.00825641710836
-29.51938608283305 34.00932882684026
-29.423008028896863 34.01040222908991
-29.326653135662927 34.01147660652833
-29.230321494265986 34.01255194242989
-29.134013194865457 34.01362822066983
-29.0377283267148 34.014705425721736
-28.941466978225975 34.01578354265471
-28.8452292370293 34.016862557130445
-28.74901519002906 34.01794245540009
-28.652824923455167 34.01902322430099
-28.556658522911157 34.020104851253194
-28.46051607341875 34.02118732425587
-28.364397659459268 34.02227063188348
-28.268303365012105 34.02335476328186
-28.172233273590443 34.0244397081641
-28.076187468274448 34.02552545680629
-27.980166031742094 34.02661200004309
-27.884169046297803 34.02769932926315
-27.788196593899038 34.02878743640443
-27.69224875618101 34.02987631394929
-27.59632561447962 34.03096595491951
-27.500427249852788 34.032056352871145
-27.40455374310022 34.03314750188923
-27.308705174781824 34.034239396582365
-27.212881625234765 34.03533203207717
-27.11708317458933 34.03642540401263
-27.02130990749793 34.03751950820228
-26.92556191266977 34.03861434062321
-26.829839277723877 34.03970989773689
-26.734142089265756 34.04080617648296
-26.638470432958602 34.04190317427303
-26.54282439358944 34.043000888984345
-26.447204055130584 34.04409931895341
-26.351609500796695 34.04519846296952
-26.25604081309783 34.046298320268285
-26.16049807388868 34.047398890524974
-26.064981364414326 34.04850017384792
-25.96949076535274 34.04960217077177
-25.874026356854273 34.05070488225071
-25.778588218578307 34.051808309651655
-25.683176429727343 34.05291245474729
-25.587791069078627 34.054017319709196
-25.492432215013554 34.05512290710078
-25.397099945544962 34.056229219870275
-25.301794338342496 34.05733626134359
-25.206515470756155 34.05844403521721
-25.111263419838185 34.05955254555096
-25.016038262363388 34.06066179676081
-24.92084007484801 34.061771793611605
-24.82566893356726 34.062882541209746
-24.73052491457161 34.063994044995866
-24.635408098446554 34.06510631043813
-24.540318569842356 34.066219343020975
-24.44525641229223 34.06733314853307
-24.350221708290285 34.06844773305981
-24.2552145393639 34.069563102975785
-24.160234986140985 34.070679264937276
-24.065283128412446 34.07179622587482
-23.970359045190214 34.07291399298573
-23.875462814761164 34.07403257372668
-23.780594514737178 34.07515197580628
-23.685754222101682 34.07627220717769
-23.590942013252846 34.07739327603127
-23.49615796404373 34.07851519078724
-23.401402149819578 34.07963796008834
-23.306674645452464 34.08076159279255
-23.21197552537345 34.081886097965814
-23.1173048636025 34.083011484874845
-23.02266273377623 34.084137762979864
-22.928049209173707 34.08526494192746
-22.833464362740415 34.086393031543444
-22.738908267110496 34.08752204182571
-22.644380994627436 34.088651982937186
-22.54988261736327 34.0897828651988
-22.455413207136406 34.09091469908246
-22.360972835528212 34.09204749520412
-22.266561578646037 34.09318126404912
-22.172179516651024 34.0943160159626
-22.077826728571623 34.09545176140754
-21.98350329238223 34.09658851095783
-21.889209285076248 34.09772627529141
-21.794944782733925 34.098865065183496
-21.700709860585423 34.1000048914999
-21.60650459306936 34.10114576519041
-21.512329053887225 34.10228769728229
-21.418183316053916 34.10343069887384
-21.324067451944686 34.104574781127994
-21.229981533338762 34.10571995526609
-21.135925631459862 34.10686623256163
-21.041899817013828 34.10801362433417
-20.9479041602236 34.10916214194328
-20.853938730861692 34.110311796782575
-20.760003598280363 34.11146260027382
-20.666098831439662 34.11261456386113
-20.572224498933455 34.113767699005244
-20.478380669013625 34.11492201717787
-20.384567409612536 34.1160775298561
-20.29078478836392 34.117234248516944
-20.197032872622255 34.118392184631915
-20.103311729480808 34.11955134966168
-20.00962142578834 34.120711755050806
-19.915962032892192 34.1218734119852
-19.82233362616673 34.12303633138534
-19.728736279847666 34.124200524136974
-19.635170067110916 34.12536600108598
-19.541635060145857 34.12653277303333
-19.44813133022338 34.12770085073025
-19.354658947759106 34.128870244873355
-19.26121798237212 34.13004096610004
-19.16780850293954 34.1312130249839
-19.074430577647192 34.13238643203026
-18.9810842740367 34.13356119767184
-18.887769659049233 34.13473733226452
-18.79448679906615 34.1359148460832
-18.701235759946737 34.13709374931774
-18.6080166070633 34.13827405206906
-18.514829405333728 34.13945576434526
-18.421674219251784 34.140638896057915
-18.32855111291521 34.141823457018425
-18.235460150051857 34.143009456934465
-18.14240139404396 34.14419690540653
-18.049374907950693 34.14538581192459
-17.956380754529096 34.14657618586481
-17.86341899625356 34.14776803648638
-17.7704896953339 34.14896137292846
-17.677592913732152 34.150156204207164
-17.58472871786614 34.15135253900404
-17.491897178140757 34.152550385662664
-17.39909836382456 34.15374975239393
-17.306332343128407 34.154950647273125
-17.213599183278532 34.15615307823718
-17.12089895058443 34.15735705308201
-17.028231710501903 34.15856257945999
-16.935597527691666 34.15976966487754
-16.842996466073753 34.160978316692805
-16.750428588878098 34.16218854211349
-16.657893958691492 34.163400348194735
-16.56539263750123 34.164613741837144
-16.47292468673566 34.1658287297849
-16.380490167301836 34.16704531862397
-16.28808913962052 34.16826351478043
-16.19572166365869 34.16948332451884
-16.103387798959744 34.1707047539408
-16.011087604671555 34.17192780898345
-15.918821139572549 34.173152495418215
-15.826588462095922 34.17437881884956
-15.734389630352148 34.17560678471381
-15.642224702149884 34.1768363982781
-15.550093735015396 34.17806766463939
-15.457996786210613 34.179300588723585
-15.365933912749888 34.18053517528466
-15.273905176047723 34.18177142872257
-15.181910641454737 34.18300935308303
-15.089950373194505 34.18424895223871
-14.998024434441644 34.185490229888416
-14.906132887394357 34.18673318955632
-14.814275793341825 34.187977834591386
-14.722453212726823 34.18922416816682
-14.630665205203886 34.19047219327965
-14.53891182969335 34.19172191275043
-14.44719314443155 34.19297332922295
-14.355509207017477 34.194226445164134
-14.263860074456097 34.19548126286396
-14.172245803198622 34.19673778443547
-14.080666449179907 34.197996011814894
-13.9891220678532 34.1992559467618
-13.897612714222435 34.20051759085937
-13.80613844287222 34.2017809455147
-13.714699307995714 34.20304601195921
-13.62329536342052 34.2043127912491
-13.531926662632738 34.20558128426588
-13.44059325879933 34.206851491716954
-13.349295204788882 34.20812341413628
-13.258032553190908 34.209397051885084
-13.166805356333777 34.210672405152614
-13.075613666301381 34.21194947395699
-12.984457539511284 34.21322825799042
-12.893337036256996 34.214508756621626
-12.802252215720149 34.21579096905387
-12.711203136047702 34.21707489432565
-12.62018985442368 34.218360531311426
-12.529212427135803 34.21964787872244
-12.438270909637401 34.22093693510764
-12.347365356604927 34.22222769885462
-12.2564958219914 34.22352016819069
-12.165662359076046 34.224814341184
-12.074865020510423 34.22611021574469
-11.98410385836127 34.22740778962614
-11.893378924150323 34.22870706042626
-11.80269026889131 34.23000802558883
-11.712037943124306 34.231310682404924
-11.621421996947674 34.23261502801434
-11.530842480047731 34.23392105940709
-11.440299441726307 34.23522877342496
-11.34979293092636 34.23653816676308
-11.25932299625578 34.23784923597156
-11.168889686009486 34.23916197745713
-11.078493048189989 34.24047638748485
-10.988133130526473 34.241792462179845
-10.897809980492534 34.24311019752907
-10.807523645322673 34.24442958938309
-10.717274176509342 34.24575063332652
-10.627061629352875 34.24707332468235
-10.53688605806174 34.248397658647505
-10.446747515828593 34.2497236302944
-10.35664605490094 34.251051234572394
-10.26658172664678 34.2523804663094
-10.176554581615592 34.253711320213476
-10.086564669594997 34.255043790874566
-9.996612039663402 34.25637787276618
-9.9066967402389 34.25771356024716
-9.816818819124716 34.25905084756353
-9.72697832355142 34.260389728850285
-9.637175300216144 34.26173019813332
-9.547409795319034 34.26307224933131
-9.457681854597098 34.26441587625765
-9.367991523355672 34.26576107262243
-9.27833884649764 34.26710783203443
-9.188723868550598 34.26845614800308
-9.099146633692088 34.26980601394057
-9.009607185773039 34.27115742316381
-8.920105568339553 34.272510368896555
-8.830641824653155 34.27386484427146
-8.741215997709595 34.27522084233216
-8.651828130256336 34.27657835603538
-8.562478264808785 34.27793737825303
-8.473166448056483 34.27929790166577
-8.383892730421863 34.28065991876848
-8.294657161259373 34.28202342198414
-8.205459788930138 34.28338840366551
-8.116300660871328 34.28475485609674
-8.027179823660594 34.286122771495094
-7.9380973230759455 34.2874921420127
-7.849053204151366 34.28886295973831
-7.760047511228491 34.29023521669907
-7.671080288004621 34.29160890486237
-7.582151577577324 34.2929840161377
-7.493261422485878 34.29436054237846
-7.4044098647497725 34.29573847538388
-7.315596945904483 34.297117806900886
-7.226822707034707 34.29849852862602
-7.138087188805243 34.29988063220734
-7.049390431489686 34.30126410924634
-6.960732474997078 34.30264895129988
-6.872113358896688 34.3040351498821
-6.783533122441018 34.30542269646636
-6.694991804587189 34.30681158248717
-6.606489444016816 34.308201799342115
-6.518026079154465 34.30959333839376
-6.4296017481848144 34.310986190971605
-6.341216489068593 34.31238034837397
-6.252870343849514 34.3137758017828
-6.164563358222904 34.31517254226971
-6.076295576842959 34.316570560888955
-5.988067043395796 34.3179698486788
-5.8998778006673245 34.319370396662826
-5.811727890606299 34.32077219585131
-5.723617354382901 34.322175237242625
-5.635546232443155 34.32357951182465
-5.547514564559497 34.32498501057618
-5.459522389877744 34.326391724468415
-5.371569746960733 34.327799644466396
-5.283656673828872 34.329208761530445
-5.195783207997806 34.330619066617686
-5.107949386513415 34.332030550683484
-5.0201552459843315 34.33344320468295
-4.932400822612149 34.33485701957239
-4.844686152219493 34.33627198631081
-4.757011270276095 34.33768809586139
-4.6693762119230255 34.33910533919292
-4.581781011995205 34.340523707281314
-4.494225705042323 34.34194319111102
-4.406710325348271 34.343363781676494
-4.319234906949202 34.34478546998362
-4.231799483650308 34.34620824705114
-4.144404089041414 34.347632103912076
-4.057048760697376 34.34905703154808
-3.969733539757488 34.35048302089564
-3.882458466348942 34.351910062919174
-3.7952235796580847 34.35333814861176
-3.7080289179966193 34.35476726899589
-3.6208745188631046 34.356197415124264
-3.533760419000092 34.35762857808055
-3.446686654447204 34.35906074898026
-3.3596532605904503 34.36049391897156
-3.27266027220804 34.36192807923609
-3.185707723512944 34.36336322098985
-3.09879564819244 34.364799335484044
-3.0119240794448463 34.36623641400596
-2.9250930500136536 34.36767444787981
-2.8383025922192338 34.3691134284676
-2.7515527379883 34.370553347170016
-2.6648435188812756 34.37199419542726
-2.578174966117723 34.373435964719924
-2.4915471105999685 34.37487864656982
-2.404959982935052 34.37632223254083
-2.31841361345512 34.37776671423975
-2.231908032236374 34.37921208331709
-2.145443269116672 34.38065833146791
-2.059019353711887 34.38210545043261
-1.972636315431103 34.38355343199771
-1.8862941875639418 34.38500226794834
-1.7999930068715784 34.38645195007441
-1.7137328091336728 34.387902470224894
-1.627513629217662 34.389353820307875
-1.541335501143132 34.39080599229064
-1.4551984581416213 34.3922589781998
-1.3691025327121773 34.393712770121425
-1.2830477566729692 34.395167360201214
-1.1970341612092372 34.39662274064465
-1.1110617769178375 34.39807890371721
-1.0251306338486252 34.39953584174456
-0.939240761542901 34.40099354711273
-0.8533921890691268 34.402452012268405
-0.7675849450561079 34.40391122971907
-0.6818190577238195 34.405371192033286
-0.5960945549120458 34.40683189184089
-0.5104114641069859 34.40829332183323
-0.4247698124659724 34.40975547476339
-0.33916962684043506 34.41121834344641
-0.25361093379723576 34.4126819207595
-0.1680937596384891 34.41414619964228
-0.082618130419977 34.41561117309695
0.0028159280317433255 34.41707683418851
0.08820839010344499 34.41854317604494
0.1735592303804647 34.420010191857415
0.25886841967864105 34.42147787484963
0.3441359254408937 34.422946218283855
0.42936171605992857 34.42441521549764
0.5145457608110668 34.42588485990322
0.5996880297898443 34.427355144987004
0.6847884938540408 34.428826064309085
0.7698471245698276 34.430297611502766
0.8548638941617366 34.43176978027413
0.9398387754661836 34.43324256440161
1.0247717418882911 34.434715957735605
1.1096627673617774 34.4361899541981
1.1945118263116925 34.43766454778228
1.279318893619801 34.43913973255223
1.3640839445924224 34.440615502642515
1.4488069549305551 34.44209185225793
1.533487900702121 34.443568775673135
1.6181267583161807 34.44504626723234
1.7027235044989804 34.446524321349
1.787278116271698 34.44800293250551
1.8717905709297695 34.44948209525288
1.9562608460236843 34.450961804210465
2.0406889193411413 34.452442054065614
2.125074768890475 34.45392283957341
2.2094183728852546 34.45540415555634
2.29371970972998 34.45688599690398
2.377978754177617 34.45836835855818
2.462195477712951 34.45985123551902
2.5463698527378713 34.46133462286504
2.6305018525064767 34.46281851575226
2.7145914510647877 34.46430290941313
2.7986386231947407 34.46578779915555
2.8826433443621617 34.46727318036196
2.9666055906684328 34.468759048488415
3.050525338805592 34.47024539906374
3.134402566014621 34.47173222768866
3.2182372500466974 34.47321953003499
3.3020293691271947 34.474707301844816
3.3857789019222437 34.47619553892976
3.4694858275076657 34.47768423717018
3.5531501253401117 34.47917339251444
3.6367717752302537 34.48066300097819
3.7203507573178776 34.48215305864364
3.803887052048745 34.48364356165886
3.8873806401530997 34.48513450623708
3.9708315026257 34.48662588865603
4.0542396207072695 34.488117705257224
4.137604975867261 34.48960995244534
4.220927549787854 34.49110262668753
4.304207324349077 34.49259572451275
4.3874442816149966 34.494089242511166
4.470638400123938 34.495583177334154
4.553789655257701 34.49707752570028
4.63689802328151 34.49857228440027
4.719963481281562 34.50006745029563
4.80298600710701 34.50156302031732
4.8859655793160615 34.503058991464464
4.968902177125915 34.50455536080309
5.051795780366243 34.50605212546495
5.134646369435983 34.507549282646316
5.217453925263198 34.50904682960689
5.300218429267786 34.51054476366865
5.382939863326837 34.51204308221482
5.4656182097424555 34.5135417826888
5.5482534512118615 34.51504086259314
5.630845570799621 34.51654031948857
5.713394551911845 34.518040150992974
5.795900378272224 34.51954035478048
5.87836303389976 34.5210409285805
5.960782503088085 34.52254187017678
6.043158770386248 34.52404317740656
6.125491820580862 34.52554484815962
6.207781638679524 34.527046880377426
6.290028209895411 34.52854927205228
6.372231519632968 34.53005202122643
6.454391553474617 34.53155512599126
6.536508293612331 34.53305858450156
6.61858171920159 34.53456239498149
6.700611810246328 34.536066555715216
6.7825985475391315 34.537571065045356
6.864541912605668 34.53907592137148
6.946441887653073 34.540581123148634
7.028298455521992 34.54208666888598
7.110111599642041 34.54359255714539
7.191881303990418 34.545098786540166
7.273607553053464 34.546605355733746
7.355290331790944 34.54811226343847
7.436929625602876 34.549619508414374
7.518525420298706 34.55112708946802
7.6000777020686785 34.55263500545135
7.681586457457234 34.55414325526057
7.763051673338303 34.55565183783508
7.844473336892351 34.55716075215638
7.925851435585052 34.558669997247065
8.00718595714748 34.560179572169794
8.0884768895577 34.56168947602629
8.169724221023683 34.56319970795637
8.250927939967413 34.56471026713699
8.332088035010136 34.566221152781296
8.413204494958654 34.56773236413772
8.494277308792592 34.56924390048904
8.575306462248685 34.57075576118047
8.656291938158 34.572267945625676
8.737233720163223 34.57378045328369
8.818131792661747 34.57529328365732
8.8989861407528 34.576806436291605
8.979796750188335 34.578319910772336
9.060563607327394 34.579833706724585
9.141286699093722 34.58134782381134
9.221966012936393 34.582862261732174
9.30260153679322 34.584377020221915
9.383193259056776 34.5858920990494
9.463741168542821 34.58740749801628
9.544245254460971 34.5889232169558
9.624705506387452 34.59043925573165
9.70512191423978 34.59195561423688
9.785494468253262 34.593472292392775
9.865823158959126 34.594989290147815
9.946107977164244 34.59650660747664
10.026348913932273 34.59802424437903
10.10654596056613 34.59954220087894
10.186699108591732 34.60106047702352
10.266808349742867 34.6025790728822
10.346873675947155 34.60409798854574
10.426895079312999 34.60561722412535
10.506872552117464 34.60713677975184
10.586806083558974 34.608656655617246
10.666695660075774 34.610176851981
10.746541268878023 34.6116973691334
10.826342897894143 34.61321820739401
10.906100535720977 34.614739367110204
10.985814171577474 34.6162608486557
11.065483795261676 34.617782652429206
11.145109397110751 34.61930477885307
11.224690967963868 34.620827228371994
11.304228499127696 34.62235000145181
11.383721982344365 34.62387309857825
11.463171409761696 34.62539652025585
11.54257677390554 34.62692026700676
11.621938067654082 34.62844433936971
11.701255284213977 34.629968737898935
11.780528417098164 34.63149346316317
11.859757460105268 34.633018515744645
11.938942407300448 34.634543896238156
12.018083252997624 34.63606960525009
12.097179991742946 34.63759564339757
12.176232618299446 34.63912201130751
12.255241127632777 34.64064870961581
12.334205514897956 34.642175738966515
12.413125775427057 34.64370310001096
12.492001904717771 34.645230793407016
12.57083389537717 34.64675881987471
12.64962173741845 34.64828718020247
12.72836542158255 34.64981587519679
12.80706493928828 34.6513449056808
12.885720282585972 34.65287427249287
12.964331444114439 34.65440397648531
13.042898417060977 34.65593401852308
13.121421195124205 34.65746439948254
13.19989977247954 34.658995120250346
13.278334143747134 34.66052618172225
13.356724303962066 34.662057584802035
13.435070248546662 34.663589330400505
13.513371973284775 34.665121419434406
13.591629474297884 34.66665385282551
13.669842748022893 34.668186631499644
13.7480117911915 34.66971975638578
13.826136600811031 34.67125322841518
13.904217174146632 34.672787048520526
13.982253508704721 34.6743212176351
14.060245602217613 34.67585573669198
14.138193452629233 34.6773906066233
14.216097058081848 34.67892582835947
14.293956416903724 34.680461402828456
14.37177152759767 34.6819973309551
14.449542388830386 34.683533613660394
14.527268996601343 34.68507025193211
14.604951344513362 34.686607246830995
14.682589426845691 34.68814459942572
14.760183238508693 34.68968231079156
14.83773277500174 34.69122038200917
14.915238032374091 34.6927588141634
14.992699007188557 34.69429760834215
15.070115696487724 34.6958367656353
15.147488097762583 34.69737628713366
15.22481620892338 34.69891617392797
15.302100028272527 34.70045642710796
15.379339554479435 34.7019970477614
15.456534786557132 34.70353803697327
15.533685723840534 34.70507939582485
15.610792365966251 34.70662112539296
15.68785471285383 34.70816322674912
15.764872764688324 34.70970570095886
15.841846521904078 34.71124854908093
15.91877598516969 34.71279177216664
15.995661155374012 34.71433537125916
16.07250203361315 34.71587934739288
16.149298621178385 34.717423701592764
16.226050919544928 34.71896843487378
16.302758930361506 34.72051354824026
16.37942265544064 34.72205904268537
16.45604209420639 34.7236049192786
16.532617243931675 34.72515117917188
16.609148102502704 34.72669782351766
16.685634668379464 34.72824485346777
16.762076940559005 34.72979227017233
16.838474918541344 34.73134007477875
16.914828602297753 34.73288826843071
16.991137992241324 34.73443685226728
17.06740308919959 34.73598582742197
17.143623894389098 34.73753519502191
17.21980040939177 34.73908495618702
17.295932636132953 34.74063511202922
17.372020576860997 34.74218566365169
17.448064234128285 34.743736612148155
17.524063610773617 34.74528795860218
17.60001870990581 34.74683970408651
17.675929534888486 34.74839184966247
17.751796089325893 34.7499443963793
17.827618377049774 34.751497345273606
17.90339640210712 34.753050697368806
17.979130168748803 34.75460445367456
18.05481968141901 34.756158615186266
18.130464944745412 34.75771318288457
18.206065963530037 34.75926815773487
18.281622742740762 34.76082354068687
18.357135285328138 34.76237933278262
18.432603592417443 34.76393553516237
18.508027665663423 34.765492148961854
18.583407507218705 34.7670491753114
18.658743119704436 34.76860661533501
18.734034506183004 34.77016447014951
18.80928167013267 34.77172274086374
18.884484615424004 34.77328142857776
18.959643346297977 34.77484053438215
19.034757867345593 34.77640005935725
19.109828183488958 34.77796000457253
19.18485429996369 34.7795203710859
19.259836222302557 34.78108115994314
19.334773956320262 34.782642372177264
19.409667508099314 34.78420400880797
19.484516883976866 34.785766070841106
19.5593220905325 34.78732855926815
19.63408313457685 34.78889147506568
19.708800023141038 34.79045481919496
19.783472763466822 34.79201859260142
19.858101362997466 34.79358279621425
19.932685829369223 34.79514743094597
20.007226170403417 34.79671249769203
20.08172239409907 34.79827799733042
20.156174508626066 34.79984393072133
20.230582520675842 34.801410298842406
20.304946435586032 34.802977102793946
20.379266259100792 34.80454434366841
20.45354199735099 34.80611202254972
20.52777365683579 34.807680140512595
20.60196124440554 34.8092486986219
20.676104767245814 34.81081769793203
20.75020423286261 34.81238713948633
20.824259649068576 34.81395702431652
20.89827102397017 34.81552735344217
20.972238365955743 34.81709812787015
21.046161683684424 34.818669348594184
21.12004098607581 34.820241016594316
21.193876282300337 34.82181313283649
21.26766758177033 34.82338569827211
21.34141489413167 34.82495871383761
21.415118229256045 34.82653218045404
21.48877759723371 34.8281060990267
21.56239300836677 34.829680470444764
21.635964473162897 34.83125529558092
21.7094920023295 34.832830575291005
21.782975606768264 34.83440631041372
21.85641529757008 34.83598250177027
21.929811086010318 34.8375591501641
22.003162983544396 34.83913625638056
22.076471001031962 34.84071382136272
22.14973514874805 34.84229184621495
22.222955437167922 34.84387033203082
22.296131876967024 34.84544927989272
22.369264479020913 34.84702869087155
22.44235325440516 34.84860856602635
22.515398214395233 34.85018890640401
22.58839937046637 34.8517697130389
22.6613567342934 34.853350986952606
22.73427031775059 34.8549327291536
22.807140132911435 34.85651494063694
22.87996619204847 34.858097622383966
22.952748507633032 34.859680775362044
23.025487092335037 34.861264400524256
23.09818195902273 34.86284849880914
23.17083312076244 34.864433071140446
23.24344059081828 34.86601811842682
23.31600438265192 34.86760364156161
23.388524509922252 34.86918964142258
23.461000986485136 34.8707761188717
23.533433826393072 34.8723630747549
23.605823043894905 34.87395050990183
23.678168653435513 34.87553842512567
23.750470669655485 34.87712682122288
23.822729107390785 34.87871569897303
23.894943982613164 34.88030505938502
23.967115312212588 34.881894903697294
24.039243112859587 34.883485233132035
24.11132740104469 34.88507604889557
24.18336819311503 34.886667352178634
24.255365505308294 34.88825914415664
24.327319353784212 34.88985142598991
24.399229754653756 34.89144419882385
24.47109672400623 34.89303746378913
24.542920277934364 34.89463122200181
24.614700432557605 34.89622547456346
24.686437204043674 34.8978202225612
24.758130608628576 34.89941546706784
24.829780662635116 34.90101120914185
24.901387382490057 34.902607449827435
24.97295078474002 34.90420419015453
25.044470886066197 34.90580143113879
25.115947703297966 34.90739917378159
25.187381253425517 34.90899741907
25.2587715536115 34.91059616797671
25.330118621201816 34.91219542146005
25.401422473735593 34.913795180463865
25.4726831289544 34.915395445917504
25.54390060481077 34.916996218735726
25.61507491947605 34.918597499818645
25.68620609693421 34.92019929046237
25.757294166130457 34.92180159234853
25.828339154606084 34.923404407124366
25.89934108864548 34.92500773640505
25.970299993412596 34.92661158177575
26.04121589307763 34.92821594479359
26.112088810934598 34.929820826989406
26.182918769510476 34.93142622986936
26.253705790666483 34.93303215491647
26.324449895692073 34.93463860359194
26.395151105392156 34.936245577336436
26.465809440168034 34.937853077571205
26.536424920092475 34.93946110569914
26.606997564979373 34.941069663105715
26.67752739444836 34.94267875115985
26.74801442798474 34.94428837121472
26.818458684995033 34.94589852460842
26.88886018485855 34.947509212664656
26.959218946975135 34.94912043669333
27.029534990809466 34.95073219799102
27.099808335932096 34.952344497841516
27.170039002057493 34.95395733751619
27.24022700907928 34.955570718274394
27.310372377102873 34.957184641363824
27.38047512647571 34.95879910802079
27.450537106884934 34.96041415826897
27.52056174172881 34.962029866369235
27.59055196459385 34.963646297629694
27.660510260116894 34.96526350891607
27.73043870193115 34.96688154918063
27.80033898790355 34.96850045999859
27.87021247285596 34.97012027610317
27.940060198949112 34.97174102591261
28.009882923895443 34.97336273204396
28.07968114715514 34.97498541180976
28.149455134258762 34.97660907769474
28.21920493938959 34.97823373781069
28.288930426349395 34.9798593963282
28.358631288022522 34.981486053884545
28.428307064445015 34.98311370796756
28.497957159577908 34.98474235327556
28.567580856876802 34.98637198205369
28.637177333743228 34.98800258440745
28.706745674937295 34.98963414859392
28.776284885025436 34.99126666129189
28.845793899931785 34.99290010785153
28.915271597656936 34.99453447252499
28.98471680822322 34.99616973867866
29.054128322901445 34.99780588898841
29.12350490277023 34.99944290561875
29.192843018234026 35.00108072284008
29.26213717096185 35.002719234518885
29.331382457636998 35.00435834841723
29.400574525986706 35.00599798472336
29.469709533935024 35.00763807476747
29.53878411166839 35.009278559897936
29.60779532639331 35.010919390496156
29.676740649599427 35.01256052511132
29.74561792665028 35.01420192969889
29.81442534853653 35.01584357694883
29.883161425638985 35.017485445691385
29.95182496335765 35.01912752037003
30.02041503947387 35.02076979057256
30.08893098312391 35.022412250612575
30.157372355269565 35.02405489915478
30.22573893055925 35.02569773887824
30.294030680480738 35.02734077617288
30.362247757713956 35.02898402086474
30.43039048159849 35.03062748596664
30.4984593246367 35.03227118745087
30.566454899958853 35.03391514404143
30.63437794968197 35.03555937702345
30.702229334098856 35.03720391006775
30.770010021639035 35.03884876906891
30.837721079545478 35.040493981995375
30.905363557387886 35.04213957679985
30.972938497269073 35.04378558159041
31.04044705084686 35.045432026744166
31.10789046934191 35.047078944746076
31.17527009425984 35.04872637003886
31.242587348776922 35.05037433888283
31.309843729742205 35.05202288922472
31.37704080025228 35.0536720605746
31.44418018275804 35.05532189389016
31.511263552665593 35.05697243146782
31.578292632396305 35.058623716839946
31.645269185873293 35.0602757946778
31.712195013404088 35.06192871069973
31.779071946926695 35.06358251158416
31.845901845607695 35.065237244887264
31.912686591756973 35.06689295896495
31.979428087027337 35.068549702898444
32.04612824889384 35.070207526423765
32.11278900738767 35.071866479864624
32.179412302066574 35.0735266140686
32.24600007920491 35.07518798034634
32.312554289187844 35.0768506304137
32.379076884095056 35.078514616336534
32.44556981546064 35.08017999047809
32.51203503219646 35.08184680544884
32.578474763708854 35.083515120883966
32.64489148096422 35.08518500261218
32.711287575671996 35.086856515031194
32.77766536459078 35.08852972116352
32.844027093534734 35.09020468270954
32.910374941152234 35.091881460099025
32.97671102230611 35.09356011253724
33.04303739125061 35.09524069804939
33.109356044705905 35.09692327352493
33.17566892461732 35.0986078947575
33.24197792075836 35.10029461648266
33.30828487314724 35.101983492413126
33.374591574266326 35.10367457527171
33.4408997711442 35.105367916822196
33.50721116729254 35.10706356789813
33.57352742450768 35.10876157842957
33.63985016454774 35.11046199746807
33.70618097069333 35.11216487320986
33.77252138919953 35.11387025301714
33.83887293064761 35.11557818343779
33.90523707120347 35.1172887102236
33.9716152537894 35.119001878346936
34.03800888917525 35.12071773201607
34.10441935699479 35.12243631468918
34.17084800669253 35.124157669087104
34.23729638254045 35.125881843284034
34.303766194568574 35.12760888995937
34.37025906775762 35.129338859605554
34.43677654748236 35.13107180063978
34.50332010456961 35.13280775950918
34.56989113999825 35.13454678078976
34.63649098926659 35.13628890727944
34.70312092645082 35.138034180085285
34.769782167976416 35.139782638705306
34.83647587612288 35.14153432110515
34.90320316228082 35.143289263789754
34.96996508997886 35.145047501870444
35.03676267769697 35.14680906912755
35.10359690148108 35.14857399806887
35.17046869737321 35.15034231998421
35.23737896367024 35.152114064996226
35.30432856302349 35.15388926210771
35.37131832439037 35.15566793924566
35.43834904484867 35.157450123302226
35.505421491283144 35.159235840172755
35.5725364019536 35.16102511479111
35.639694487952774 35.16281797116244
35.7068964345619 35.16461443239355
35.774142902511166 35.166414520721034
35.84143452915193 35.16821825753729
35.90877204650747 35.17002566676317
35.97615626654225 35.1718367744183
36.04358795069472 35.173651604865285
36.11106781324844 35.175470180893676
36.17859652447089 35.17729252379868
36.24617471353 35.17911865345456
36.31380297119716 35.180948588383046
36.38148185236203 35.182782345817145
36.44921187836916 35.18461994176067
36.51699353918918 35.18646139104369
36.5848272954361 35.188306707374196
36.65271358024189 35.19015590338614
36.72065280099831 35.19200899068422
36.78864534097548 35.193865979885466
36.85669156082593 35.19572688065792
36.924791799982295 35.197591701756615
36.99294637795614 35.19946045105697
37.06115559554502 35.201333135585806
37.129419735954215 35.20320976155015
37.19773906583927 35.205090334363945
37.2661138362749 35.206974858672865
37.33454428365551 35.20886333837726
37.40303063053225 35.2107557766535
37.47157308639099 35.212652175973695
37.5401718483755 35.21455253812399
37.60882715084534 35.21645686555569
37.67753925936739 35.21836516119339
37.74630841632453 35.22027742691981
37.81513484251024 35.2221936636198
37.88401873861001 35.22411387122131
37.952960286577685 35.226038048733514
38.021959650914134 35.2279661942823
38.09101697985521 35.22989830514335
38.16013240647549 35.23183437777289
38.229306049713685 35.23377440783634
38.29853801532536 35.23571839023497
38.36782839676811 35.23766631913068
38.437177276023924 35.239618187969135
38.50658472436332 35.24157398950122
38.576050803055274 35.24353371580307
38.64557556402684 35.245497358294685
38.715159050476046 35.24746490775729
38.78480129744136 35.24943635434949
38.854502332330824 35.251411687622316
38.92426217541369 35.253390896533276
38.99408084027728 35.255373969459434
39.06395833425149 35.25736089420962
39.13389465880325 35.259351658035804
39.203889809903075 35.26134624764379
39.27394377836568 35.26334464920313
39.34405656678609 35.26534684866283
39.41422818755086 35.26735283168185
39.48445864439776 35.269362583257575
39.55474793303388 35.2713760877448
39.62509604170987 35.2733933288734
39.69550295175335 35.275414289764925
39.76596863806447 35.27743895294814
39.83649306957624 35.279467300373554
39.90707620968215 35.281499313427084
39.97771801663341 35.283534972942874
40.04841844390797 35.28557425921533
40.119177440553344 35.28761715201049
40.189994951505035 35.28966363057667
40.260870917882364 35.291713673654556
40.33180527726327 35.29376725948673
40.40279796393956 35.295824365826654
40.47384890915406 35.29788496994722
40.544958041320854 35.29994904864882
40.61612528622995 35.302016578267086
40.687350567237324 35.30408753468018
40.75863380544148 35.30616189331583
40.82997491984745 35.308239629158
40.90137382751918 35.31032071675333
40.972830443720994 35.31240513021728
41.044344682049086 35.31449284324008
41.115916458650624 35.31658382898457
41.18754569175393 35.318678060067136
41.25923229714217 35.32077550864813
41.33097618834507 35.32287614644017
41.402777276816984 35.324979944716056
41.474635472102285 35.32708687431641
41.54655068198892 35.329196905657014
41.61852281265105 35.33131000873589
41.690551768781496 35.33342615314015
41.762637453714746 35.33554530805262
41.83477976954116 35.337667442258294
41.906978617213014 35.33979252415059
41.97923389664302 35.34192052173748
42.05154550679571 35.34405140264746
42.12391334577238 35.346185134135396
42.19633731088985 35.34832168308828
42.26881729875369 35.350461016030856
42.34135320532611 35.3526030991312
42.41394492598903 35.35474789820621
42.486592355602596 35.35689537872703
42.559295388559526 35.359045505824426
42.632053918835496 35.3611982442941
42.70486784003594 35.363353558602036
42.77773704543946 35.36551141288972
42.850661428038116 35.36767177097941
42.923640880752046 35.36983459614104
42.99667529641794 35.371999851090436
43.06976456760201 35.3741674982266
43.142908586638086 35.37633749963723
43.21610724566298 35.378509817104266
43.28936043664924 35.38068441210941
43.36266805143554 35.38286124583966
43.4360299817549 35.38504027919287
43.509446119260765 35.38722147278327
43.58291635555127 35.38940478694703
43.65644058219163 35.39159018174789
43.73001869073495 35.393777616982696
43.803650572741496 35.3959670521871
43.87733611979652 35.39815844664118
43.95107522352675 35.40035175937514
44.02486777561572 35.40254694917504
44.09871366781786 35.404743974588555
44.17261279197162 35.40694279393076
44.246565040011546 35.409143365289985
44.320570303979444 35.411345646533675
44.394628476034754 35.41354959531431
44.46873944846404 35.41575516907536
44.54290311368985 35.4179623250573
44.61711936427879 35.420171020303655
44.69138809294904 35.422381211667066
44.76570919191993 35.424592855552056
44.84008255298942 35.426805907918265
44.91450806826291 35.429020324547295
44.98898563014805 35.431236061048715
45.06351513134992 35.43345307286606
45.13809646486643 35.43567131528295
45.21272952398406 35.43789074342927
45.28741420227378 35.44011131228738
45.36215039358725 35.44233297669843
45.436937992053224 35.444555691368755
45.51177689207415 35.44677941087628
45.58666698832296 35.449004089677025
45.661608175740014 35.451229682111645
45.736600349530256 35.453456142412065
45.811643405160446 35.45568342470814
45.8867372383566 35.45791148303437
45.961881745101515 35.4601402713367
46.037076821632425 35.4623697434793
46.11232236443878 35.46459985325151
46.18761827026013 35.46683055437471
46.26296443608406 35.46906180050934
46.33836075914429 35.47129354526188
46.413807136918784 35.473525742191946
46.48930346712802 35.475758344819376
46.56484964773322 35.47799130663139
46.64044557630549 35.480224580831624
46.71609115009403 35.48245812034443
46.79178626671827 35.484691878077385
46.86753082415595 35.4869258069283
46.943324720732015 35.48915985979228
47.01916785510826 35.49139398956881
47.09506012627361 35.49362814916891
47.1710014335351 35.49586229152232
47.24699167650942 35.498096369584786
47.323030755114964 35.50033033634531
47.39911856956448 35.502564144833514
47.47525502035812 35.50479774812702
47.55144000827697 35.50703109935882
47.62767343437697 35.50926415172477
47.70395519998708 35.511496858491135
47.78028520669976 35.51372917300198
47.85666335636223 35.51596104868659
47.93308955107588 35.518192439067164
48.009563693191836 35.520423297766335
48.086085685306855 35.5226535785148
48.16265543025938 35.5248832351589
48.23927283112589 35.52711222166826
48.315937791217415 35.5293404921434
48.39265021407631 35.53156800082336
48.469410003473136 35.53379470209339
48.5462170629348 35.53602055024477
48.62307129579137 35.53824549947886
48.69997260568816 35.54046950415901
48.77692089657602 35.54269251881806
48.85391607270224 35.54491449816578
48.930958038602036 35.547135397096405
49.008046699090634 35.54935517069607
49.08518195925585 35.551573774250336
49.16236372445117 35.55379116325172
49.23959190028925 35.55600729340714
49.31686639263587 35.55822212064549
49.39418710760427 35.560435601125064
49.47155395154979 35.56264769124111
49.54896683106494 35.56485834763326
49.62642565297472 35.56706752719302
49.70393032433223 35.569275187071206
49.78148075241459 35.57148128468539
49.85907684471908 35.5736857777273
49.9367185089595 35.57588862417019
50.014405653062816 35.578089782276244
50.092138185165915 35.58028921060386
50.16991601361262 35.58248686801498
50.24773904695086 35.58468271368236
50.32560719392999 35.58687670709679
50.403520363498274 35.58906880807429
50.481478464449566 35.59125897652492
50.55948140545557 35.59344717245577
50.63752909544665 35.59563335621243
50.715621443604874 35.59781748848593
50.79375835935753 35.59999953031963
50.8719397523711 35.602179443116064
50.95016553254555 35.60435718864377
51.028435610009076 35.60653272904403
51.106749895113154 35.60870602683762
51.18510829842788 35.610877044931506
51.26351073073765 35.61304574662542
51.34195710303713 35.61521209561848
51.420447326527416 35.617376056015715
51.49898131261249 35.6195375923345
51.57755897289589 35.62169666951098
51.65618021917756 35.62385325290642
51.73484496345091 35.62600730831347
51.813553117900085 35.62815880196239
51.89230459489734 35.630307700527204
51.971099307000614 35.63245397113175
52.04993716695126 35.63459758135572
52.12881808767185 35.63673849924055
52.20774198226419 35.63887669329531
52.28670876400736 35.64101213250244
52.365718346355955 35.64314478632349
52.44477064265328 35.64527462447455
52.523865566156104 35.647401616927425
52.603003030342656 35.64952573414103
52.682182948907545 35.651646947066745
52.76140523575697 35.653765227153606
52.84066980500428 35.65588054635348
52.91997657096582 35.657992877126105
52.99932544815703 35.66010219244409
53.078716351288826 35.66220846579781
53.15814919526419 35.66431167120018
53.237623895175 35.666411783191414
53.317140366299064 35.668508776843616
53.39669852409733 35.67060262776531
53.47629828421128 35.67269331210589
53.55593956246048 35.67478080655993
53.6356222748403 35.67686508837143
53.71534633751979 35.67894613533793
53.79511166683963 35.68102392581458
53.874918179310285 35.683098438718005
53.95476579161019 35.68516965353017
54.03465442058413 35.68723755030206
54.114583983241644 35.6893021096573
54.19455439675557 35.69136331279563
54.27456557846067 35.69342114149629
54.35461744585231 35.69547557812127
54.43470991633471 35.697526605396
54.51484290724207 35.69957420640792
54.59501633610884 35.70161836482759
54.67523012066562 35.70365906491151
54.75548417883533 35.705696291504786
54.83577842872969 35.70773003004364
54.91611278864586 35.70976026655793
54.996487177063365 35.711786987673406
55.076901512641186 35.713810180613976
55.15735571421508 35.71582983320379
55.23784970079504 35.71784593386921
55.31838339156295 35.71985847164066
55.39895670587038 35.72186743615442
55.47956956323652 35.72387281765417
55.56022188334625 35.72587460699254
55.64091358604837 35.727872795632464
55.721644591353886 35.72986737564841
55.80241481943444 35.73185833972754
55.88322419062084 35.733845681170656
55.96407262540166 35.73582939389312
56.044960044421984 35.73780947242555
56.125886368482135 35.739785911914474
56.20685151853658 35.74175870812276
56.28785541569285 35.74372785743002
56.36889798121053 35.745693356832795
56.44997913626956 35.747655203729806
56.53109880198964 35.74961339591741
56.612256899678954 35.751567931800025
56.693453350830644 35.75351881038986
56.7746880771195 35.75546603130648
56.855961000398885 35.757409594776234
56.93727204269786 35.7593495016316
57.01862112621854 35.76128575331037
57.10000817333355 35.76321835185474
57.18143310658373 35.76514729991025
57.26289584867598 35.76707260072458
57.344396322481195 35.76899425814629
57.42593445103241 35.770912276623335
57.50751015752302 35.77282666120153
57.58912336530514 35.77473741752285
57.67077399788806 35.77664455182361
57.75246197893681 35.77854807093252
57.83418723227081 35.78044798226861
57.915949681862614 35.782344293839024
57.99774925183676 35.78423701423668
58.07958586646862 35.78612615263783
58.161459450183415 35.78801171879944
58.24336992755522 35.789893723056515
58.32531722330608 35.79177217631922
58.40730126230513 35.79364709006993
58.48932196935099 35.795518476152964
58.57137926918993 35.79738634676691
58.65347308674969 35.7992507146642
58.73560334713622 35.80111159314761
58.81776997563067 35.80296899606673
58.89997289768659 35.80482293781427
58.98221203892729 35.80667343332224
59.06448732514341 35.808520498058016
59.14679868229066 35.81036414802035
59.22914603648765 35.812204399735165
59.31152931401396 35.81404127025132
59.39394844130827 35.81587477713624
59.47640334496663 35.81770493847137
59.55889395174086 35.81953177284764
59.64142018853706 35.82135529936068
59.72398198241417 35.82317553760604
59.806579260582694 35.82499250767422
59.88921195040344 35.82680623014562
59.971879979386394 35.828616726085414
60.05458327518962 35.83042401703824
60.13732176561829 35.832228125022844
60.220095378623704 35.83402907252662
60.302904042302416 35.83582688249999
60.38574768489541 35.837621578350735
60.4686262347873 35.83941318393821
60.551539620300474 35.84120172336811
60.6344877697123 35.842987220982074
60.717470611476344 35.8447697015467
60.80048807421928 35.846549190247416
60.883540086738094 35.84832571268218
60.966626577997395 35.85009929485521
61.04974747712697 35.85186996317052
61.13290271341948 35.85363774442542
61.21609221632831 35.85540266580394
61.29931591546555 35.85716475487014
61.38257374060012 35.85892403956135
61.46586562165608 35.86068054818136
61.5491914887109 35.86243430939346
61.63255127199403 35.86418535221348
61.71594490188541 35.86593370600272
61.799372308914144 35.86767940046077
61.88283342375728 35.869422465618314
61.96632817723862 35.871162931829836
62.049856500327614 35.87290082976625
62.13341832413834 35.87463619040747
62.21701357992854 35.87636904503492
62.300642199098725 35.878099425223944
62.3843041131913 35.8798273628362
62.46799925388977 35.88155289001197
62.55172755301801 35.883276039162375
62.635488942345205 35.884996842770185
62.71928335360217 35.88671533337759
62.803110718690895 35.88843154376552
62.8869709696816 35.89014550694577
62.97086403881004 35.89185725615298
63.05478985847498 35.89356682483663
63.138748361235834 35.89527424665298
63.22273947981044 35.896979555456966
63.30676314707305 35.898682785294056
63.39081929605236 35.900383970392106
63.474907859929765 35.90208314515311
63.55902877203762 35.90378034414497
63.64318196585774 35.90547560209325
63.72736737501989 35.907168953872834
63.8115849333004 35.90886043449964
63.895834574620935 35.91055007912222
63.98011623304721 35.912237923013414
64.06442984278793 35.913924001561945
64.14877533819369 35.915608350263994
64.23315265375598 35.91729100471477
64.31756172410627 35.91897200060005
64.40200248401509 35.92065137368772
64.48647486839124 35.92232915981929
64.570978812281 35.92400539490142
64.65551425086737 35.925680114897425
64.74008111928542 35.92735335563526
64.82467935263776 35.92902515279481
64.90930888619285 35.93069554207875
64.99396965538223 35.93236455920417
65.07866159579798 35.93403223989406
65.16338464319026 35.93569861986893
65.24813873346501 35.93736373483838
65.33292380268196 35.93902762049269
65.41773978705255 35.940690312494446
65.50258662293815 35.94235184647019
65.58746424684831 35.944012258002026
65.67237259543919 35.945671582619354
65.75731160551199 35.94732985579052
65.8422812140116 35.94898711291458
65.92728135802528 35.95064338931302
66.01231197478137 35.95229872022158
66.09737300164815 35.95395314078202
66.18246437613278 35.95560668603401
66.26758603588027 35.95725939090699
66.35273791867246 35.9589112902121
66.43791996242719 35.96056241863414
66.5231321051974 35.96221281072358
66.60837428517037 35.96386250088859
66.69364644066691 35.965511523387136
66.7789485101407 35.96715991231913
66.86428043200354 35.96880770144305
66.94964214464002 35.97045492416401
67.03503358659512 35.9721016136977
67.12045469657157 35.97374780306277
67.2059054134274 35.97539352507329
67.29138567617363 35.9770388123313
67.3768954239721 35.978683697219424
67.46243459613348 35.98032821189352
67.54800313211538 35.98197238827543
67.63360097152062 35.983616258045785
67.71922805409557 35.985259852636894
67.80488431972857 35.986903203225694
67.8905697084486 35.98854634072678
67.9762841604238 35.990189295785505
68.06202761596032 35.99183209877119
68.14780001550106 35.99347477977036
68.23360129962461 35.99511736858012
68.31943140904416 35.996759894701555
68.40529028460654 35.998402387333286
68.4911778672913 36.00004487536504
68.57709409820983 36.00168738737135
68.66303891860456 36.00332995160533
68.74901226984817 36.004972595992555
68.83501409344287 36.00661534812502
68.9210443310197 36.008258235255184
69.00710292417341 36.00990128412248
69.09318981447629 36.011544520943545
69.17930494365552 36.013187971570396
69.26544825359066 36.01483166148493
69.3516196863113 36.01647561579356
69.4378191839948 36.01811985922191
69.52404668896438 36.019764416109716
69.61030214368705 36.0214093104057
69.69658549077194 36.023054565662676
69.78289667296855 36.02470020503269
69.86923563316519 36.0263462512623
69.95560231438755 36.027992726687984
70.04199665979726 36.02963965323163
70.12841861269065 36.031287052396145
70.21486811649751 36.03293494526122
70.30134511477996 36.03458335247915
70.38784955123137 36.03623229427083
70.47438136967534 36.037881790421814
70.56094051406481 36.03953186027854
70.64752692848107 36.041182522744634
70.73414055713302 36.04283379627741
70.82078134435628 36.04448569888436
70.9074492346125 36.0461382481199
70.99414417248865 36.04779146108218
71.08086610269626 36.04944535440997
71.16761496991558 36.05109994411999
71.25439071880851 36.05275524560023
71.34119329418617 36.05441127376332
71.42802264100646 36.05606804304406
71.51487870437184 36.05772556739704
71.60176142952716 36.05938386029444
71.68867076185775 36.0610429347239
71.77560664688755 36.06270280318658
71.86256903027741 36.06436347769532
71.94955785782344 36.06602496977295
72.0365730754555 36.06768729045068
72.12361462923577 36.069350450266704
72.21068246535745 36.07101445926489
72.29777653014344 36.07267932699357
72.38489677004519 36.074345062504555
72.47204313164158 36.07601167435217
72.55921556163788 36.07767917059252
72.64641400686473 36.0793475587828
72.7336384142772 36.08101684598083
72.82088873095393 36.08268703874462
72.90816490409627 36.084358143132185
72.9954668810275 36.086030164701356
73.08279460919205 36.08770310850984
73.1701480361548 36.089376979115336
73.25752710960036 36.09105178057582
73.34493177718586 36.09272751629802
73.43236198655323 36.09440418903427
73.51981768548724 36.096081801031545
73.60729882191318 36.09776035403232
73.69480534389467 36.09943984927557
73.78233719963164 36.10112028749793
73.86989433745838 36.10280166893494
73.95747670584174 36.104483993322454
74.04508425337951 36.10616725989816
74.13271692879874 36.107851467403236
74.22037468095432 36.109536614084156
74.30805745882752 36.111222697694565
74.39576521152469 36.112909715497345
74.483497888276 36.11459766426678
74.5712554384343 36.11628654029084
74.65903781147395 36.11797633937358
74.74684495698976 36.1196670568377
74.83467682469603 36.121358687527206
74.92253336442556 36.123051225810165
75.01041452612878 36.124744665581616
75.09832025987286 36.1264390002666
75.18625051584091 36.12813422282327
75.27420524433117 36.12983032574617
75.36218439575629 36.13152730106959
75.4501879206426 36.13322514037103
75.53821576949117 36.134923834630754
75.6262678927893 36.13662337423193
75.71434424115961 36.13832374910519
75.80244476535772 36.14002494873261
75.89056941627015 36.14172696215182
75.97871814491235 36.14342977796027
76.06689090242672 36.145133384319514
76.15508764008094 36.14683776895969
76.24330830926623 36.14854291918406
76.33155286149582 36.15024882187364
76.41982124840347 36.15195546349198
76.50811342174201 36.15366283009002
76.59642933338209 36.15537090731102
76.68476893531087 36.157079680395626
76.77313217963086 36.158789134187025
76.86151901855878 36.160499253136166
76.94992940442447 36.1622100213071
77.03836328966989 36.163921422382394
77.12682062684816 36.16563343966867
77.2153013686226 36.16734605610216
77.30380546776588 36.16905925425442
77.39233287715912 36.17077301633808
77.48088354979114 36.172487324212696
77.56945743875764 36.17420215939067
77.65805449726045 36.17591750304325
77.74667467847644 36.17763333587037
77.83531793556836 36.17934963810342
77.92398422182526 36.18106638964455
78.01267349066038 36.18278357007304
78.10138569560891 36.18450115865174
78.1901207903262 36.18621913433358
78.27887872858581 36.18793747576813
78.36765946427775 36.18965616130829
78.45646295140693 36.19137516901697
78.54528914409154 36.193094476673856
78.63413799656159 36.19481406178224
78.72300946315755 36.19653390157592
78.81190349832899 36.19825397302612
78.90082005663335 36.199974252848484
78.98975909273479 36.20169471751012
79.078720561403 36.20341534323669
79.16770441751218 36.20513610601952
79.25671061603998 36.206856981622806
79.34573911206654 36.208577945590804
79.43478986077355 36.21029897325511
79.52386281744337 36.21202003974193
79.61295793745818 36.213741119979424
79.70207517629912 36.21546218870505
79.79121448954554 36.217183220472954
79.88037583287424 36.2189041896614
79.96955916193579 36.22062507035171
80.05876443236474 36.22234583633259
80.14799159991198 36.22406646123306
80.23724062044265 36.22578691852998
80.32651144993409 36.22750718155571
80.41580404447396 36.229227223505696
80.50511836025845 36.23094701744612
80.59445435359062 36.23266653632154
80.68381198087877 36.23438575296254
80.77319119863499 36.236104640093416
80.86259196347369 36.23782317033984
80.9520142321103 36.23954131623652
81.04145796135994 36.24125905023491
81.13092310813627 36.24297634471085
81.22040962945032 36.24469317197226
81.30991748240936 36.2464095042668
81.39944662421595 36.248125313789544
81.48899701216688 36.24984057269061
81.57856860365222 36.25155525308279
81.66816135615449 36.25326932704922
81.75777522724773 36.25498276665091
81.84741017459673 36.256695543934406
81.9370661559562 36.2584076309393
82.02674312917003 36.2601189997058
82.11644105217057 36.26182962228225
82.20615988286205 36.263539470611846
82.29589957913016 36.26524851653716
82.3856600989669 36.266956731925404
82.47544140046847 36.26866408867589
82.56524344183352 36.270370558727485
82.65506618136124 36.272076114065996
82.74490957744972 36.273780726731545
82.83477358859437 36.275484368825886
82.92465817338642 36.2771870125197
83.01456329051152 36.27888863005981
83.10448889874837 36.280589193776414
83.19443495696754 36.2822886760902
83.2844014241302 36.28398704951944
83.37438825928703 36.28568428668707
83.46439542157718 36.28738036032765
83.55442287022719 36.28907524329432
83.64447056455009 36.29076890856565
83.73453846394447 36.292461329252504
83.82462652789363 36.29415247860475
83.9147347159647 36.295842330018
84.00486298780791 36.297530857040186
84.09501130315586 36.29921803337819
84.18517962182271 36.300903832904275
84.27536790370362 36.30258822966256
84.36557610877402 36.30427119787534
84.45580419697971 36.305952711836284
84.54605212824603 36.307632745913864
84.6363198625955 36.30931127466781
84.72660736014599 36.31098827285527
84.81691458110897 36.3126637154368
84.90724148578788 36.31433757758238
84.99758803457654 36.31600983467728
85.08795418795775 36.31768046232787
85.17833990650189 36.319349436367325
85.26874515086564 36.32101673286128
85.3591698817908 36.32268232811336
85.44961406010313 36.32434619867066
85.54007764671127 36.32600832132912
85.63056060260575 36.327668673138774
85.72106288885804 36.32932723140898
85.8115844666196 36.3309839737135
85.90212529712112 36.3326388778955
85.9926853416716 36.33429192207245
86.08326456165771 36.33594308464097
86.173862918543 36.33759234428147
86.26448037386719 36.339239679962844
86.3551168892456 36.34088507094694
86.44577242636848 36.34252849679296
86.53644694700048 36.3441699373618
86.62714041298004 36.34580937282023
86.71785278611584 36.34744678353947
86.80858402819545 36.34908215009655
86.89933410109641 36.35071545338119
86.99010296678453 36.35234667459963
87.0808905873123 36.353975795278394
87.17169692481906 36.355602797267885
87.26252194152788 36.35722766274596
87.35336559974247 36.358850374221426
87.44422786184788 36.36047091453728
87.53510869030927 36.36208926687397
87.62600804767092 36.36370541475247
87.71692589655514 36.36531934203726
87.80786219966136 36.366931032939256
87.89881691976527 36.368540472018545
87.98979001971796 36.37014764418706
88.08078146244513 36.37175253471111
88.17179121094637 36.37335512921387
88.26281922829446 36.37495541367763
88.35386547763473 36.37655337444607
88.44492992218441 36.37814899822631
88.53601252523214 36.37974227209092
88.6271132501373 36.3813331834798
88.71823206032961 36.38292172020191
88.80936891930861 36.3845078704369
88.90052379064318 36.38609162273668
88.99169663787393 36.38767296592865
89.08288742452143 36.389251889114554
89.17409611419103 36.39082838176739
89.26532267057134 36.392402433732556
89.35656705743277 36.39397403522885
89.44782923862624 36.39554317684942
89.53910917808189 36.39710984956253
89.6304068398079 36.39867404471228
89.72172218788948 36.40023575401914
89.81305518648774 36.40179496958048
89.90440579983883 36.403351683870866
89.995773992253 36.40490588974234
90.08715972811382 36.40645758042453
90.17856297187734 36.4080067495247
90.26998368807142 36.40955339102766
90.36142184129501 36.41109749929553
90.45287739621754 36.412639069067495
90.54435031757832 36.414178095459356
90.63584057018596 36.415714573963
90.7273481189179 36.4172485004458
90.81887292871986 36.41877987114986
90.91041496460541 36.420308682691164
91.00197419165556 36.42183493205865
91.09355057501833 36.423358616613136
91.18514407990835 36.42487973408617
91.27675467151487 36.42639828248783
91.36838231500948 36.427914260103066
91.46002697564518 36.429427665578906
91.55168861875484 36.43093849792294
91.64336720975 36.43244675650173
91.7350627141196 36.43395244103912
91.82677509742886 36.43545555161441
91.91850432531828 36.436956088660494
92.01025036350254 36.43845405296186
92.10201317776965 36.4399494456525
92.1937927339801 36.44144226821378
92.28558899806607 36.4429325224721
92.37740193603062 36.44442021059662
92.46923151394707 36.44590533509676
92.5610776979583 36.44738789881969
92.65294045427618 36.448867904947704
92.74481974918098 36.45034535699549
92.83671554902084 36.451820258807366
92.9286278202113 36.45329261455439
93.02055652923484 36.45476242873139
93.11250164264041 36.456229706153934
93.20446312704306 36.457694451955184
93.29644094912354 36.45915667158272
93.38843507562798 36.46061637079522
93.48044547336752 36.46207355565916
93.57247210913151 36.46352823246138
93.66451494969486 36.464980407703486
93.75657396191146 36.46643008818007
93.84864911271285 36.467877280975124
93.94074036910708 36.46932199345839
94.03284769817749 36.47076423328161
94.12497106708172 36.47220400837479
94.21711044305071 36.47364132694228
94.3092657933878 36.4750761974589
94.40143708546785 36.476508628665954
94.49362428673648 36.47793862956719
94.5858273647093 36.47936620942472
94.67804628697128 36.48079137775484
94.77028102117602 36.482214144323855
94.86253153504522 36.483634519143806
94.95479779636808 36.48505251246816
95.04707977300079 36.48646813478743
95.13937743286603 36.48788139682481
95.23169074395253 36.48929230953166
95.32401967431464 36.49070088408305
95.41636419207191 36.492107131873155
95.50872426540872 36.493511064510734
95.60109986257395 36.49491269381443
95.6934909518806 36.496312031808124
95.78589750170558 36.497709090716235
95.87831948040761 36.4991038828818
95.97075685633435 36.500496420759696
96.06320959791043 36.50188671698706
96.15567767363628 36.50327478437847
96.24816105208696 36.504660635921155
96.34065970191108 36.50604428477014
96.43317359182987 36.507425744243385
96.52570269063617 36.508805027816884
96.61824696719361 36.51018214911977
96.71080639043582 36.51155712192937
96.80338092936564 36.512929960166254
96.89597055305443 36.51430067788928
96.98857523064139 36.5156692892906
97.08119493133302 36.51703580869067
97.17382962440246 36.51840025053324
97.266479279189 36.519762629380324
97.35914386509756 36.52112295990719
97.45182335159824 36.52248125689731
97.54451770822584 36.52383753523732
97.63722690457949 36.52519180991197
97.72995091032223 36.5265440959991
97.82268969518066 36.527894408664544
97.91544322894458 36.529242763157114
98.0082114814667 36.53058917480355
98.1009944226623 36.53193365900346
98.1937920224319 36.533276231153636
98.28660425066782 36.53461690664123
98.37943107733737 36.53595570090755
98.47227247240002 36.5372926294422
98.56512840589446 36.538627707779156
98.6579988480188 36.53996095149266
98.75088376904102 36.54129237619133
98.84378313929805 36.542621997513265
98.93669692919507 36.54394983112119
99.02962510920473 36.54527589269755
99.12256764986658 36.54660019793973
99.21552452178632 36.54792276255519
99.30849569563529 36.549243602256695
99.40148114214985 36.55056273275756
99.49448083213092 36.55188016976691
99.58749473644347 36.55319592898494
99.68052282601607 36.55451002609828
99.77356507184042 36.5558224767753
99.86662144497099 36.557133296661526
99.95969191652459 36.55844250137504
100.0527764576801 36.55975010650193
100.14587503967802 36.56105612759178
100.23898763382023 36.56236058015319
100.33211421146963 36.56366347964933
100.42525474404991 36.56496484149355
100.5184092029725 36.566264680980666
100.61157755964284 36.56756301328095
100.70475978553877 36.568859853498594
100.7979558522095 36.57015521666751
100.8911657312745 36.571449117747214
100.98438939442258 36.57274157161875
101.07762681341097 36.574032593080645
101.17087796006447 36.57532219684494
101.26414280627466 36.57661039753323
101.35742132399912 36.577897209672834
101.45071348526078 36.57918264769292
101.54401926214723 36.58046672592075
101.63733862681015 36.58174945857797
101.7306715514647 36.58303085977692
101.82401800838898 36.58431094351707
101.91737796992352 36.58558972368142
102.01075140847084 36.58686721403306
102.10413829649494 36.58814342821168
102.1975386065209 36.58941837973023
102.29095231113449 36.590692081971625
102.38437938298178 36.59196454818543
102.47781979476878 36.59323579148473
102.5712735192611 36.59450582484297
102.66474052928362 36.59577466109089
102.75822079772021 36.597042312913544
102.85171429744479 36.59830879278899
102.94522100132714 36.59957411298393
103.03874088230697 36.60083828560772
103.1322739133928 36.602101322609705
103.22582006766095 36.60336323577656
103.31937931825463 36.604624036729774
103.41295163838302 36.605883736923126
103.50653700132042 36.60714234764029
103.60013538040553 36.6083998799925
103.69374674904067 36.609656344916225
103.78737108069112 36.61091175317102
103.88100834888445 36.61216611533734
103.97465852720995 36.61341944181451
104.06832158931805 36.61467174281869
104.16199750891974 36.61592302838101
104.25568625978612 36.61717330834566
104.3493878157479 36.618422592368134
104.44310215069494 36.61967088991352
104.53682923857585 36.620918210254864
104.63056905339754 36.62216456247161
104.72432156922487 36.623409955448096
104.8180867601803 36.624654397872135
104.91186460044351 36.62589789823368
105.00565506425109 36.62714046482354
105.09945812589622 36.628382105732165
105.19327375966363 36.62962282879598
105.28710193983505 36.63086264159495
105.38094264075907 36.632101551502814
105.47479583685006 36.63333956568619
105.56866150258722 36.63457669110382
105.66253961251364 36.635812934505815
105.75643014123547 36.63704830243304
105.8503330634211 36.6382828012165
105.94424835380039 36.63951643697687
106.03817598716395 36.64074921562405
106.1321159383625 36.64198114285679
106.22606818230624 36.64321222416246
106.32003269396421 36.644442464816755
106.41400944836377 36.64567186988361
106.50799842059006 36.64690044421509
106.60199958578549 36.64812819245143
106.6960129191493 36.64935511902104
106.79003839593706 36.65058122814068
106.88407599146028 36.65180652381566
106.97812568108598 36.6530310098401
107.07218744023636 36.654254689797284
107.16626124438838 36.655477567060046
107.2603470690734 36.65669964479126
107.35444488987693 36.65792092594438
107.44855468243823 36.65914141326404
107.54267642238892 36.660361109239695
107.63681008535816 36.661580016105184
107.7309556470385 36.6627981358853
107.82511308318485 36.66401547039673
107.91928236961355 36.665232021248976
108.01346348220156 36.66644778984545
108.10765639688547 36.667662777384514
108.20186108966087 36.66887698486067
108.29607753658149 36.670090413065736
108.39030571375862 36.67130306259018
108.48454559736037 36.67251493382438
108.57879716361107 36.673726026960104
108.67306038879073 36.67493634199188
108.76733524923445 36.67614587871855
108.8616217213319 36.67735463674483
108.95591978152684 36.6785626154829
109.05022940631667 36.67976981415412
109.14455057225194 36.680976231790716
109.23888325593596 36.68218186723758
109.3332274340244 36.68338671915409
109.42758308322489 36.684590786015995
109.52195018029668 36.68579406611734
109.6163287020503 36.68699655757244
109.71071862534716 36.68819825831793
109.80511992709931 36.6893991661148
109.89953258421143 36.69059927850883
109.99395657358566 36.69179859283168
110.0883918721838 36.69299710624376
110.18283845702628 36.69419481573648
110.27729630519127 36.69539171813463
110.37176539381386 36.69658781009869
110.4662457000852 36.697783088127295
110.56073720125177 36.698977548559654
110.6552398746147 36.70017118757805
110.74975369752902 36.701364001210365
110.84427864740312 36.70255598533264
110.93881470169805 36.70374713567167
111.03336183792706 36.70493744780765
111.12792003365499 36.70612691717682
111.22248926649776 36.707315539074166
111.31706951412197 36.70850330865617
111.41166075424435 36.70969022094353
111.50626296463138 36.71087627082397
111.60087612309886 36.71206145305504
111.69550020751153 36.71324576226698
111.7901351957827 36.714429192965525
111.88478106587385 36.71561173953486
111.97943779579434 36.71679339624048
112.07410536360106 36.71797415723217
112.16878374739814 36.719154016546895
112.26347292528216 36.72033296807521
112.3581728753468 36.7215110055633
112.4528835757414 36.72268812265169
112.54760500467009 36.7238643128783
112.64233714039092 36.72503956968151
112.737079961215 36.72621388640327
112.83183344550578 36.727387256292175
112.92659757167829 36.72855967250658
113.02137231819847 36.72973112811772
113.11615766358254 36.73090161611287
113.21095358639639 36.73207112939845
113.30576006525497 36.73323966080319
113.40057707882181 36.7344072030813
113.49540460580846 36.73557374891559
113.59024262497404 36.736739290920696
113.68509111512475 36.73790382164619
113.77995005511345 36.7390673335798
113.87481942383923 36.74022981915052
113.96969920024705 36.74139127073186
114.06458936332734 36.742551680644944
114.15948989211564 36.743711041161724
114.25440076569227 36.74486934450813
114.34932196318199 36.74602658286723
114.44425346375372 36.74718274838238
114.53919524662021 36.74833783316037
114.63414729098639 36.74949182924283
114.72910957605366 36.750644728608556
114.82408208107529 36.751796523207624
114.91906478535549 36.75294720496449
115.01405766824861 36.754096765781156
115.10906070915841 36.75524519754026
115.20407388753728 36.75639249210818
115.29909718288556 36.75753864133815
115.39413057475095 36.75868363707329
115.48917404272784 36.7598274711497
115.58422756645678 36.760970135399475
115.6792911256239 36.762111621653766
115.7743646999605 36.763251921745734
115.86944826924243 36.764391027513575
115.96454181328974 36.76552893080346
116.05964531196624 36.7666656234725
116.15475874517902 36.767801097391626
116.24988209287817 36.76893534444853
116.34501533505632 36.77006835655051
116.44015845174833 36.771200125627324
116.53531142303098 36.772330643634014
116.63047422902261 36.7734599025537
116.72564684988286 36.77458789440033
116.82082926581238 36.77571461122144
116.9160214570525 36.77684004510086
117.01122340383651 36.7779641881343
117.10643508639376 36.7790870324313
117.20165648500186 36.78020857014435
117.29688757998592 36.781328793471474
117.39212835171776 36.782447694658785
117.48737878061519 36.78356526600306
117.58263884714135 36.78468149985422
117.67790853180409 36.785796388617854
117.77318781515531 36.786909924757595
117.86847667779045 36.788022100797576
117.96377510034799 36.78913290932478
118.05908306350885 36.79024234299137
118.15440054799603 36.79135039451699
118.24972753457412 36.79245705669101
118.34506400404888 36.79356232237478
118.44040993726685 36.79466618450376
118.53576531511499 36.795768636089704
118.6311301185203 36.79686967022273
118.72650432844955 36.7979692800734
118.82188792590887 36.79906745889474
118.9172808919435 36.80016420002419
119.01268320763756 36.80125949688558
119.10809485411369 36.80235334299098
119.2035158125328 36.8034457319426
119.2989460640939 36.804536657434554
119.39438558998798 36.80562611323197
119.48983437140191 36.80671409317222
119.58529238956781 36.80780059118865
119.68075962576229 36.80888560131231
119.77623606130574 36.809969117673525
119.87172167756168 36.811051134503444
119.96721645593614 36.81213164613558
120.06272037787703 36.81321064700728
120.15823342487366 36.814288131661144
120.25375557845616 36.8153640947464
120.34928682019505 36.81643853102027
120.44482713170075 36.81751143534922
120.54037649462317 36.81858280271023
120.63593489065131 36.81965262819201
120.73150230151286 36.82072090699611
120.82707870897386 36.82178763443804
120.92266409483837 36.82285280594835
121.01825844094813 36.82391641707363
121.1138617291823 36.82497846347747
121.20947394145715 36.82603894094139
121.30509505972576 36.82709784536569
121.40072506597784 36.82815517277032
121.49636394223943 36.82921091929562
121.59201167057269 36.83026508120306
121.68766823307571 36.83131765487594
121.783333611839 36.832368636801576
121.87900778894914 36.833418023571475
121.97469074653547 36.83446581189992
122.07038246676942 36.835511998624476
122.16608293186376 36.83655658070648
122.26179212407207 36.837599555231435
122.35751002568816 36.83864091940941
122.45323661904547 36.83968067057536
122.5489718865166 36.84071880618943
122.64471581051282 36.84175532383717
122.7404683734837 36.84279022122975
122.83622955791661 36.8438234962041
122.93199934633641 36.84485514672304
123.02777772130504 36.845885170875334
123.12356466542118 36.84691356687569
123.21936016131994 36.84794033306477
123.31516419167254 36.848965467909096
123.41097673918603 36.84998897000096
123.50679778660303 36.851010838058265
123.60262731670149 36.852031070924326
123.69846531229437 36.853049667567646
123.79431175622955 36.854066627081615
123.89016663138946 36.85508194868421
123.986029920691 36.85609563171763
124.08190160708529 36.857107675647896
124.1777816735166 36.85811808004995
124.27367010292586 36.85912684460688
124.36956687829472 36.860133969123545
124.4654719826449 36.861139453526036
124.56138539903763 36.86214329786108
124.65730711057303 36.863145502295424
124.75323710038958 36.86414606711515
124.84917535166369 36.865144992725
124.94512184760914 36.866142279647626
125.04107657147672 36.86713792852282
125.13703950655378 36.86813194010672
125.23301063616384 36.86912431527095
125.32898994366627 36.87011505500177
125.42497741245596 36.87110416039914
125.52097302596293 36.8720916326758
125.61697676765212 36.87307747315627
125.71298862102304 36.87406168327589
125.80900856960959 36.87504426457973
125.90503659697973 36.876025218721544
126.00107268673528 36.87700454746268
126.09711682251174 36.87798225267095
126.19316898797801 36.878958336319435
126.28922916683626 36.879932800485356
126.3852973428217 36.880905647348825
126.48137349970243 36.8818768791916
126.57745762124063 36.88284649838517
126.67354969119583 36.883814507389246
126.76964969336663 36.88478090876092
126.86575761159007 36.88574570515335
126.96187342974103 36.88670889931435
127.05799713173177 36.88767049408505
127.15412870151137 36.888630492398455
127.2502681230653 36.88958889727803
127.34641538041495 36.89054571183625
127.4425704576173 36.891500939273115
127.53873333876442 36.89245458287464
127.63490400798321 36.8934066460114
127.73108244943505 36.89435713213693
127.82726864731544 36.89530604478624
127.92346258585373 36.896253387574184
128.01966424931288 36.89719916419393
128.11587362198915 36.898143378415334
128.21209068821184 36.89908603408334
128.30831543234316 36.90002713511634
128.4045478387779 36.90096668550452
128.50078789194325 36.90190468930824
128.59703557629868 36.902841150656315
128.69329087633568 36.90377607374438
128.78955377657758 36.904709462833175
128.88582426157947 36.90564132224683
128.98210231589144 36.90657165636407
129.0783879240617 36.90750046961641
129.174681070676 36.90842776649339
129.2709817403571 36.90935355154088
129.3672899177641 36.91027782935933
129.46360558759216 36.911200604601994
129.55992873457174 36.91212188197319
129.65625934346838 36.91304166622655
129.75259739908225 36.913959962163204
129.8489428862477 36.91487677463008
129.94529578983295 36.91579210851807
130.04165609473975 36.91670596876029
130.13802378590302 36.91761836033028
130.23439884829057 36.91852928824025
130.3307812669029 36.919438757539275
130.4271710267728 36.92034677331153
130.52356811296525 36.921253340674504
130.61997251057699 36.92215846477723
130.71638420473653 36.923062150798515
130.81280318060377 36.92396440394514
130.90922942336985 36.924865229450134
131.00566291825706 36.92576463257096
131.1021036505185 36.92666261858779
131.19855160543804 36.92755919280173
131.2950067683301 36.92845436053308
131.39146912450502 36.92934812711584
131.48793865927192 36.93024049789596
131.584415357976 36.931131478233404
131.68089920599806 36.93202107350038
131.7773901887538 36.932909289079646
131.8738882916935 36.9337961303628
131.97039350030158 36.934681602748576
132.0669058000961 36.93556571164115
132.16342517662835 36.936448462448496
132.2599516154826 36.93732986058066
132.35648510227566 36.93820991144817
132.45302562265653 36.93908862046035
132.54957316230622 36.939965993023726
132.64612770693734 36.940842034540374
132.7426892422939 36.94171675040635
132.83925775415102 36.94259014601008
132.93583322831475 36.94346222673081
133.03241565062174 36.94433299793702
133.12900500693917 36.9452024649849
133.22560128316437 36.946070633216834
133.3222044652248 36.946937507959866
133.41881453907774 36.94780309452423
133.51543149071028 36.948667398201856
133.61205530613896 36.94953042426493
133.70868597140975 36.95039217796443
133.8053234725652 36.95125266452815
133.90196779564718 36.95211188915936
133.9986189267322 36.952969857036145
134.09527685193083 36.95382657331001
134.19194155738714 36.95468204310454
134.28861302927837 36.95553627151406
134.38529125381444 36.95638926360236
134.48197621723753 36.95724102440137
134.57866790582173 36.9580915589099
134.67536630587267 36.95894087209242
134.7720714037272 36.95978896887781
134.8687831857531 36.96063585415818
134.9655016383487 36.961481532787666
135.06222674794276 36.96232600958132
135.15895850099403 36.96316928931393
135.25569688399113 36.96401137671895
135.35244188345226 36.964852276487385
135.449193485925 36.965691993266745
135.54595167798612 36.96653053166001
135.64271644624134 36.967367896224616
135.73948777732517 36.968204091471456
135.83626565790075 36.96903912186392
135.9330500746597 36.96987299181697
136.02984101432182 36.9707057056962
136.12663846363517 36.971537267816956
136.22344240934484 36.97236768244585
136.32025283819564 36.97319695380008
136.4170697369654 36.97402508604446
136.51389309246449 36.97485208329062
136.61072289153532 36.975677949596204
136.70755912105193 36.97650268896415
136.80440176791956 36.97732630534197
136.90125081907428 36.97814880262102
136.99810626148263 36.97897018463588
137.09496808214124 36.97979045516365
137.19183626807651 36.980609617923406
137.2887108063444 36.98142767657553
137.38559168403003 36.98224463472119
137.4824788882475 36.983060495901796
137.57937240613958 36.98387526359848
137.67627222487752 36.9846889412316
137.77317833166074 36.985501532160306
137.87009071371673 36.98631303968206
137.96700935830077 36.98712346703227
138.0639342526958 36.98793281738388
138.16086538421212 36.98874109384701
138.2578027401874 36.98954829946866
138.35474630798635 36.990354437232355
138.45169607500063 36.9911595100579
138.54865202864872 36.99196352080109
138.6456141563465 36.99276647225866
138.74258244550984 36.993568367168294
138.83955688358589 36.994369208203636
138.93653745805278 36.99516899797408
139.03352415641913 36.99596773902467
139.13051696622364 36.996765433835925
139.22751587503464 36.9975620848238
139.3245208704498 36.99835769433959
139.42153194009566 36.999152264669895
139.51854907162746 36.9999457980366
139.6155722527287 37.00073829659687
139.71260147111093 37.0015297624432
139.80963671451343 37.00232019760344
139.90667797070296 37.00310960404089
140.00372522747355 37.00389798365439
140.10077847264623 37.004685338278456
140.19783769406882 37.0054716696834
140.29490287961576 37.00625697957553
140.39197401718783 37.007041269597316
140.4890510947121 37.0078245413276
140.58613410014158 37.00860679628185
140.6832230214552 37.00938803591241
140.78031784665762 37.01016826160876
140.877418563779 37.01094747469784
140.97452516087492 37.01172567644436
141.07163762599856 37.01250286805882
141.16875594720307 37.01327905069827
141.2658801125713 37.01405422545931
141.3630101102154 37.01482839337845
141.4601459282765 37.015601555432525
141.55728755492402 37.01637371253913
141.6544349783556 37.01714486555703
141.75158818679657 37.017915015286654
141.84874716849967 37.01868416247055
141.94591191174473 37.019452307793884
142.04308240483834 37.020219451884955
142.14025863611363 37.02098559531572
142.23744059392996 37.02175073860236
142.33462826667272 37.022514882205805
142.43182164275305 37.02327802653235
142.5290207106076 37.02404017193425
142.62622545869843 37.0248013187103
142.72343587551268 37.0255614671065
142.82065194956243 37.02632061731665
142.9178736693846 37.02707876948306
143.01510102354064 37.02783592369718
143.11233400061644 37.02859208000031
143.20957258922223 37.02934723838426
143.30681677799234 37.030101398792105
143.40406655558508 37.030854561118886
143.50132191065646 37.03160672522245
143.59858283186233 37.03235789092465
143.69584930788668 37.033108058002384
143.79312132744113 37.03385722618834
143.89039887926458 37.03460539517177
143.98768195212284 37.03535256459928
144.08497053480818 37.03609873407555
144.18226461613907 37.03684390316419
144.2795641849598 37.0375880713885
144.37686923014033 37.0383312382323
144.47417974057578 37.03907340314074
144.57149570518632 37.03981456552112
144.6688171129169 37.040554724743735
144.76614395273702 37.04129388014272
144.86347621364044 37.042032031016866
144.960813884645 37.042769176630536
145.05815695479248 37.043505316214464
145.1555054131483 37.044240448966654
145.25285924880143 37.044974574053256
145.35021845086425 37.04570769060943
145.44758300847224 37.04643979774025
145.54495291078393 37.04717089452155
145.6423281469808 37.047900980000875
145.73970870626698 37.04863005319833
145.83709457786932 37.0493581131075
145.9344857510123 37.0500851587087
146.0318822149201 37.05081118897036
146.12928395884353 37.051536202838086
146.2266909720594 37.05226019923555
146.32410324387024 37.05298317706533
146.42152076360392 37.05370513520985
146.51894352061333 37.054426072532266
146.616371504276 37.0551459878773
146.71380470399384 37.0558648800722
146.81124310919287 37.056582747927585
146.90868670932292 37.05729959023835
147.0061354938574 37.05801540578455
147.10358945229305 37.0587301933323
147.20104857414972 37.059443951634634
147.29851284897015 37.06015667943241
147.3959822663198 37.060868375455186
147.49345681578663 37.061579038422096
147.59093648698092 37.06228866704273
147.68842126953516 37.06299726001801
147.7859111531038 37.063704816041046
147.88340612736314 37.06441133379802
147.9809061820112 37.065116811969034
148.07841130676758 37.06582124922897
148.17592149137326 37.06652464424834
148.27343672559056 37.067226995694156
148.37095699917953 37.06792830224517
148.4684823018998 37.06862856259329
148.56601262353607 37.0693277754305
148.66354795389762 37.070025939449714
148.76108828281795 37.07072305334551
148.8586336001545 37.07141911581496
148.95618389578823 37.07211412555839
149.0537391596234 37.07280808128016
149.15129938158725 37.073500981689406
149.24886455162977 37.07419282550083
149.34643465972334 37.07488361143544
149.44400969586266 37.07557333822127
149.5415896500644 37.076262004594135
149.63917451236702 37.07694960929836
149.73676427283064 37.077636151087475
149.8343589215367 37.07832162872494
149.93195844858798 37.07900604098484
150.02956284410823 37.079689386652554
150.1271720982422 37.080371664525465
150.22478620115535 37.08105287341361
150.32240514303376 37.08173301214035
150.420028914084 37.08241207954299
150.51765750453305 37.083090074473475
150.615290904628 37.08376699579897
150.71292910463617 37.08444284240249
150.81057209482253 37.085117613199856
150.90821986545174 37.085791307140916
151.00587240681202 37.08646392319437
151.10352970921485 37.08713546034835
151.20119176299465 37.087805917610915
151.29885855850836 37.0884752940106
151.39653008613524 37.089143588596926
151.49420633627653 37.089810800440894
151.5918872993552 37.09047692863546
151.68957296581567 37.091141972296036
151.78726332612365 37.09180593056094
151.88495837076584 37.09246880259183
151.98265809024977 37.09313058757419
152.08036247510358 37.093791284717696
152.1780715158758 37.09445089325669
152.2757852031353 37.09510941245055
152.37350352747097 37.095766841584066
152.47122647949166 37.09642317996786
152.568954049826 37.097078426938715
152.66668622912226 37.097732581859944
152.76442300804825 37.09838564412172
152.86216437729115 37.09903761314141
152.95991032755742 37.099688488363896
153.05766084957267 37.100338269261854
153.15541593408156 37.10098695533606
153.25317557182657 37.101634546133766
153.35093975354985 37.10228104124964
153.44870847001587 37.10292644030857
153.54648171201117 37.103570742965864
153.64425947034397 37.104213948907436
153.74204173584388 37.10485605785001
153.83982849936166 37.10549706954125
153.9376197517689 37.10613698375996
154.0354154839578 37.106775800316186
154.1332156868409 37.10741351905136
154.23102035135096 37.10805013983843
154.3288294684406 37.10868566258194
154.4266430290822 37.10932008721812
154.5244610242677 37.10995341371499
154.62228344500846 37.1105856420724
154.72011028233504 37.1112167723221
154.81794152729708 37.11184680452778
154.9157771709631 37.11247573878507
155.01361720442048 37.1131035752216
155.11146161877522 37.11373031399698
155.20931040515185 37.11435595530279
155.30716355469332 37.114980499362574
155.4050210585609 37.11560394643179
155.50288290793404 37.11622629679779
155.60074909401033 37.116847550779745
155.6986196079853 37.117467708748315
155.79649444105422 37.1180867711263
155.8943735844336 37.118704738369516
155.99225702936087 37.11932161096668
156.0901447670941 37.119937389439244
156.18803678891175 37.12055207434126
156.28593308611227 37.1211656662592
156.38383365001403 37.12177816581178
156.48173847195494 37.12238957364976
156.57964754329228 37.12299989045577
156.67756085540253 37.12360911694409
156.77547839968113 37.1242172538604
156.8734001675423 37.124824301981604
156.97132615041883 37.12543026211555
157.06925633976206 37.1260351351008
157.1671907270416 37.12663892180636
157.26512930374517 37.12724162313142
157.36307206137855 37.12784324000506
157.4610189914654 37.128443773386
157.5589700855472 37.12904322426226
157.65692533518302 37.12964159365088
157.75488473194952 37.13023888259762
157.85284826744075 37.130835092176596
157.95081593326816 37.131430223490014
158.04878772106045 37.13202427766777
158.1467636224445 37.13261725588834
158.24474362904695 37.13320915937923
158.34272773251473 37.133799989396095
158.4407159245147 37.13438974722239
158.53870819673338 37.13497843416895
158.63670454087668 37.13556605157355
158.73470494866964 37.1361526008005
158.8327094118562 37.13673808324022
158.930717922199 37.13732250030878
159.02873047147912 37.137905853447485
159.12674705149595 37.13848814412241
159.22476765406694 37.13906937382395
159.32279227102745 37.13964954406635
159.42082089423067 37.14022865638727
159.5188535155473 37.14080671234728
159.61689012686557 37.14138371352939
159.71493072009102 37.14195966153861
159.81297528714634 37.1425345580014
159.91102381997138 37.143108404565254
160.00907631052286 37.14368120289815
160.1071327507744 37.144252954688085
160.2051931327164 37.14482366164256
160.30325744835585 37.145393325488094
160.40132568971634 37.145961947969695
160.49939784883793 37.14652953085038
160.59747391775903 37.1470960759332
160.695553888518 37.14766158506153
160.79363775317245 37.14822606009682
160.8917255037991 37.148789502918014
160.9898171324934 37.149351915421015
161.0879126313693 37.1499132995181
161.18601199255897 37.15047365713737
161.28411520821268 37.1510329902222
161.3822222704985 37.151591300730644
161.48033317160207 37.1521485906349
161.57844790372658 37.15270486192074
161.67656645909244 37.153260116586914
161.77468882993716 37.15381435664462
161.87281500851523 37.15436758411692
161.97094498709794 37.15491980103818
162.06907875797322 37.15547100945351
162.16721631344555 37.156021211418164
162.26535764583588 37.15657040899703
162.36350274748142 37.15711860426401
162.4616516107356 37.1576657993015
162.55980422796793 37.15821199619982
162.65796059156395 37.15875719705664
162.75612069392503 37.159301403976436
162.85428452746842 37.15984461906992
162.9524520846271 37.16038684445351
163.0506233578326 37.160928082272534
163.14879833951642 37.161468334701524
163.2469770221286 37.16200760392076
163.3451593981372 37.162545892115666
163.44334546002833 37.16308320147623
163.5415352003056 37.16361953419644
163.63972861149014 37.1641548924737
163.7379256861203 37.164689278508256
163.83612641675137 37.165222694502646
163.93433079595553 37.165755142661126
164.0325388163216 37.16628662518912
164.13075047045484 37.16681714429266
164.22896575097693 37.16734670217782
164.32718465052562 37.1678753010502
164.4254071617548 37.168402943114394
164.52363327733423 37.16892963057341
164.62186298994942 37.16945536562817
164.72009629230163 37.169980150476974
164.81833317710766 37.170503987315
164.91657363709973 37.17102687833376
165.01481766502548 37.17154882572063
165.11306525364776 37.172069831658284
165.21131639574463 37.17258989832428
165.30957108410925 37.17310902789051
